0  0.470 0.151 96.350 0.156 96.140 0.104 97.420
1  0.123 0.116 97.050 0.117 96.890 0.097 97.510
2  0.093 0.102 97.440 0.102 97.420 0.096 97.600
3  0.077 0.093 97.590 0.093 97.420 0.092 97.610
4  0.067 0.088 97.590 0.093 97.420 0.092 97.610
5  0.059 0.083 97.810 0.082 97.610 0.092 97.630
6  0.054 0.081 97.880 0.079 97.720 0.093 97.580
7  0.049 0.078 97.830 0.079 97.720 0.093 97.580
8  0.045 0.077 97.890 0.074 97.820 0.093 97.560
9  0.042 0.074 97.970 0.072 97.820 0.091 97.600
10  0.039 0.074 97.940 0.072 97.820 0.091 97.600
11  0.037 0.072 97.960 0.072 97.820 0.091 97.600
12  0.034 0.071 97.960 0.072 97.820 0.091 97.600
13  0.033 0.070 98.080 0.069 97.900 0.091 97.740
14  0.031 0.071 98.060 0.069 97.900 0.091 97.740
15  0.029 0.071 98.060 0.069 97.900 0.091 97.740
16  0.028 0.069 98.120 0.066 98.020 0.093 97.670
17  0.026 0.069 98.160 0.066 97.960 0.094 97.650
18  0.025 0.069 98.130 0.066 97.960 0.094 97.650
19  0.024 0.068 98.090 0.066 97.960 0.094 97.650
20  0.023 0.068 98.100 0.066 97.960 0.094 97.650
21  0.022 0.067 98.090 0.066 97.960 0.094 97.650
22  0.021 0.067 98.170 0.064 98.010 0.094 97.670
23  0.020 0.067 98.090 0.064 98.010 0.094 97.670
24  0.019 0.067 98.130 0.064 98.010 0.094 97.670
25  0.018 0.067 98.170 0.064 98.010 0.094 97.670
26  0.018 0.068 98.130 0.064 98.010 0.094 97.670
27  0.017 0.067 98.200 0.064 98.030 0.097 97.650
28  0.016 0.068 98.160 0.064 98.030 0.097 97.650
29  0.016 0.067 98.130 0.064 98.030 0.097 97.650
30  0.015 0.067 98.170 0.064 98.030 0.097 97.650
31  0.015 0.067 98.200 0.064 98.030 0.097 97.650
32  0.014 0.067 98.220 0.062 98.040 0.095 97.620
33  0.014 0.068 98.100 0.062 98.040 0.095 97.620
34  0.013 0.068 98.090 0.062 98.040 0.095 97.620
35  0.013 0.068 98.150 0.062 98.040 0.095 97.620
36  0.012 0.068 98.170 0.062 98.040 0.095 97.620
37  0.012 0.068 98.200 0.062 98.040 0.095 97.620
38  0.011 0.068 98.170 0.062 98.040 0.095 97.620
39  0.011 0.068 98.170 0.062 98.040 0.095 97.620
40  0.011 0.067 98.230 0.063 98.050 0.100 97.460
41  0.010 0.067 98.250 0.063 98.060 0.099 97.500
42  0.010 0.068 98.240 0.063 98.060 0.099 97.500
43  0.010 0.068 98.170 0.063 98.060 0.099 97.500
44  0.010 0.068 98.220 0.063 98.060 0.099 97.500
45  0.009 0.068 98.250 0.063 98.060 0.099 97.500
46  0.009 0.068 98.200 0.063 98.060 0.099 97.500
47  0.009 0.068 98.230 0.063 98.060 0.099 97.500
48  0.009 0.069 98.190 0.063 98.060 0.099 97.500
49  0.008 0.069 98.250 0.063 98.120 0.101 97.550
50  0.008 0.068 98.220 0.063 98.120 0.101 97.550
51  0.008 0.068 98.220 0.063 98.120 0.101 97.550
52  0.008 0.069 98.220 0.063 98.120 0.101 97.550
53  0.007 0.069 98.260 0.063 98.080 0.101 97.530
54  0.007 0.069 98.260 0.063 98.080 0.101 97.530
55  0.007 0.069 98.280 0.064 98.080 0.103 97.460
56  0.007 0.069 98.220 0.064 98.080 0.103 97.460
57  0.007 0.070 98.170 0.064 98.080 0.103 97.460
58  0.007 0.070 98.160 0.064 98.080 0.103 97.460
59  0.006 0.069 98.190 0.064 98.080 0.103 97.460
60  0.006 0.070 98.200 0.064 98.080 0.103 97.460
61  0.006 0.070 98.240 0.064 98.080 0.103 97.460
62  0.006 0.070 98.180 0.064 98.080 0.103 97.460
63  0.006 0.070 98.150 0.064 98.080 0.103 97.460
64  0.006 0.070 98.230 0.064 98.080 0.103 97.460
65  0.006 0.070 98.260 0.064 98.080 0.103 97.460
66  0.005 0.070 98.270 0.064 98.080 0.103 97.460
67  0.005 0.070 98.190 0.064 98.080 0.103 97.460
68  0.005 0.071 98.280 0.064 98.080 0.103 97.460
69  0.005 0.071 98.240 0.064 98.080 0.103 97.460
70  0.005 0.070 98.240 0.064 98.080 0.103 97.460
71  0.005 0.071 98.200 0.064 98.080 0.103 97.460
72  0.005 0.071 98.230 0.064 98.080 0.103 97.460
73  0.005 0.071 98.190 0.064 98.080 0.103 97.460
74  0.005 0.071 98.230 0.064 98.080 0.103 97.460
75  0.005 0.071 98.240 0.064 98.080 0.103 97.460
76  0.005 0.071 98.210 0.064 98.080 0.103 97.460
77  0.004 0.071 98.180 0.064 98.080 0.103 97.460
78  0.004 0.072 98.190 0.064 98.080 0.103 97.460
79  0.004 0.071 98.210 0.064 98.080 0.103 97.460
80  0.004 0.072 98.200 0.064 98.080 0.103 97.460
81  0.004 0.072 98.230 0.064 98.080 0.103 97.460
82  0.004 0.072 98.240 0.064 98.080 0.103 97.460
83  0.004 0.072 98.270 0.064 98.080 0.103 97.460
84  0.004 0.072 98.280 0.064 98.080 0.103 97.460
85  0.004 0.072 98.260 0.064 98.080 0.103 97.460
86  0.004 0.072 98.200 0.064 98.080 0.103 97.460
87  0.004 0.072 98.220 0.064 98.080 0.103 97.460
88  0.004 0.073 98.200 0.064 98.080 0.103 97.460
89  0.004 0.073 98.230 0.064 98.080 0.103 97.460
90  0.004 0.073 98.240 0.064 98.080 0.103 97.460
91  0.003 0.073 98.220 0.064 98.080 0.103 97.460
92  0.003 0.073 98.210 0.064 98.080 0.103 97.460
93  0.003 0.073 98.220 0.064 98.080 0.103 97.460
94  0.003 0.073 98.220 0.064 98.080 0.103 97.460
95  0.003 0.073 98.250 0.064 98.080 0.103 97.460
96  0.003 0.074 98.200 0.064 98.080 0.103 97.460
97  0.003 0.073 98.240 0.064 98.080 0.103 97.460
98  0.003 0.074 98.220 0.064 98.080 0.103 97.460
99  0.003 0.073 98.250 0.064 98.080 0.103 97.460
100  0.003 0.074 98.230 0.064 98.080 0.103 97.460
101  0.003 0.074 98.190 0.064 98.080 0.103 97.460
102  0.003 0.074 98.180 0.064 98.080 0.103 97.460
103  0.003 0.074 98.250 0.064 98.080 0.103 97.460
104  0.003 0.074 98.250 0.064 98.080 0.103 97.460
105  0.003 0.074 98.220 0.064 98.080 0.103 97.460
106  0.003 0.074 98.190 0.064 98.080 0.103 97.460
107  0.003 0.074 98.230 0.064 98.080 0.103 97.460
108  0.003 0.074 98.220 0.064 98.080 0.103 97.460
109  0.003 0.074 98.210 0.064 98.080 0.103 97.460
110  0.003 0.075 98.240 0.064 98.080 0.103 97.460
111  0.003 0.075 98.290 0.067 98.170 0.111 97.370
112  0.003 0.074 98.230 0.067 98.170 0.111 97.370
113  0.003 0.075 98.220 0.067 98.170 0.111 97.370
114  0.003 0.075 98.250 0.067 98.170 0.111 97.370
115  0.002 0.075 98.230 0.067 98.170 0.111 97.370
116  0.002 0.075 98.250 0.067 98.170 0.111 97.370
117  0.002 0.075 98.220 0.067 98.170 0.111 97.370
118  0.002 0.075 98.210 0.067 98.170 0.111 97.370
119  0.002 0.075 98.210 0.067 98.170 0.111 97.370
120  0.002 0.075 98.240 0.067 98.170 0.111 97.370
121  0.002 0.076 98.220 0.067 98.170 0.111 97.370
122  0.002 0.076 98.250 0.067 98.170 0.111 97.370
123  0.002 0.076 98.220 0.067 98.170 0.111 97.370
124  0.002 0.076 98.200 0.067 98.170 0.111 97.370
125  0.002 0.076 98.210 0.067 98.170 0.111 97.370
126  0.002 0.076 98.200 0.067 98.170 0.111 97.370
127  0.002 0.076 98.240 0.067 98.170 0.111 97.370
128  0.002 0.076 98.240 0.067 98.170 0.111 97.370
129  0.002 0.076 98.240 0.067 98.170 0.111 97.370
130  0.002 0.076 98.230 0.067 98.170 0.111 97.370
131  0.002 0.076 98.220 0.067 98.170 0.111 97.370
132  0.002 0.076 98.240 0.067 98.170 0.111 97.370
133  0.002 0.076 98.220 0.067 98.170 0.111 97.370
134  0.002 0.076 98.240 0.067 98.170 0.111 97.370
135  0.002 0.077 98.270 0.067 98.170 0.111 97.370
136  0.002 0.077 98.240 0.067 98.170 0.111 97.370
137  0.002 0.077 98.210 0.067 98.170 0.111 97.370
138  0.002 0.077 98.220 0.067 98.170 0.111 97.370
139  0.002 0.077 98.220 0.067 98.170 0.111 97.370
140  0.002 0.077 98.210 0.067 98.170 0.111 97.370
141  0.002 0.077 98.220 0.067 98.170 0.111 97.370
142  0.002 0.077 98.240 0.067 98.170 0.111 97.370
143  0.002 0.077 98.250 0.067 98.170 0.111 97.370
144  0.002 0.077 98.220 0.067 98.170 0.111 97.370
145  0.002 0.077 98.240 0.067 98.170 0.111 97.370
146  0.002 0.077 98.230 0.067 98.170 0.111 97.370
147  0.002 0.078 98.240 0.067 98.170 0.111 97.370
148  0.002 0.078 98.250 0.067 98.170 0.111 97.370
149  0.002 0.078 98.260 0.067 98.170 0.111 97.370
150  0.002 0.077 98.230 0.067 98.170 0.111 97.370
151  0.002 0.078 98.250 0.067 98.170 0.111 97.370
152  0.002 0.078 98.200 0.067 98.170 0.111 97.370
153  0.002 0.078 98.250 0.067 98.170 0.111 97.370
154  0.002 0.078 98.230 0.067 98.170 0.111 97.370
155  0.002 0.078 98.240 0.067 98.170 0.111 97.370
156  0.002 0.078 98.180 0.067 98.170 0.111 97.370
157  0.002 0.078 98.240 0.067 98.170 0.111 97.370
158  0.002 0.078 98.220 0.067 98.170 0.111 97.370
159  0.002 0.079 98.190 0.067 98.170 0.111 97.370
160  0.002 0.078 98.230 0.067 98.170 0.111 97.370
161  0.002 0.078 98.260 0.067 98.170 0.111 97.370
162  0.002 0.078 98.240 0.067 98.170 0.111 97.370
163  0.002 0.079 98.220 0.067 98.170 0.111 97.370
164  0.001 0.079 98.240 0.067 98.170 0.111 97.370
165  0.001 0.079 98.240 0.067 98.170 0.111 97.370
166  0.001 0.079 98.240 0.067 98.170 0.111 97.370
167  0.001 0.079 98.230 0.067 98.170 0.111 97.370
168  0.001 0.079 98.210 0.067 98.170 0.111 97.370
169  0.001 0.079 98.250 0.067 98.170 0.111 97.370
170  0.001 0.079 98.240 0.067 98.170 0.111 97.370
171  0.001 0.079 98.240 0.067 98.170 0.111 97.370
172  0.001 0.079 98.240 0.067 98.170 0.111 97.370
173  0.001 0.079 98.210 0.067 98.170 0.111 97.370
174  0.001 0.079 98.220 0.067 98.170 0.111 97.370
175  0.001 0.079 98.220 0.067 98.170 0.111 97.370
176  0.001 0.079 98.230 0.067 98.170 0.111 97.370
177  0.001 0.079 98.210 0.067 98.170 0.111 97.370
178  0.001 0.079 98.220 0.067 98.170 0.111 97.370
179  0.001 0.080 98.250 0.067 98.170 0.111 97.370
180  0.001 0.079 98.230 0.067 98.170 0.111 97.370
181  0.001 0.080 98.240 0.067 98.170 0.111 97.370
182  0.001 0.080 98.210 0.067 98.170 0.111 97.370
183  0.001 0.080 98.230 0.067 98.170 0.111 97.370
184  0.001 0.080 98.230 0.067 98.170 0.111 97.370
185  0.001 0.080 98.240 0.067 98.170 0.111 97.370
186  0.001 0.080 98.210 0.067 98.170 0.111 97.370
187  0.001 0.080 98.260 0.067 98.170 0.111 97.370
188  0.001 0.080 98.230 0.067 98.170 0.111 97.370
189  0.001 0.080 98.230 0.067 98.170 0.111 97.370
190  0.001 0.080 98.230 0.067 98.170 0.111 97.370
191  0.001 0.080 98.240 0.067 98.170 0.111 97.370
192  0.001 0.080 98.250 0.067 98.170 0.111 97.370
193  0.001 0.080 98.230 0.067 98.170 0.111 97.370
194  0.001 0.080 98.230 0.067 98.170 0.111 97.370
195  0.001 0.080 98.240 0.067 98.170 0.111 97.370
196  0.001 0.081 98.250 0.067 98.170 0.111 97.370
197  0.001 0.080 98.230 0.067 98.170 0.111 97.370
198  0.001 0.081 98.210 0.067 98.170 0.111 97.370
199  0.001 0.081 98.230 0.067 98.170 0.111 97.370
0  0.470 0.151 96.350 0.156 96.140 0.104 97.420
1  0.123 0.116 97.050 0.117 96.890 0.097 97.510
2  0.093 0.102 97.440 0.102 97.420 0.096 97.600
3  0.077 0.093 97.590 0.093 97.420 0.092 97.610
4  0.067 0.088 97.590 0.093 97.420 0.092 97.610
5  0.059 0.083 97.810 0.082 97.610 0.092 97.630
6  0.054 0.081 97.880 0.079 97.720 0.093 97.580
7  0.049 0.078 97.830 0.079 97.720 0.093 97.580
8  0.045 0.077 97.890 0.074 97.820 0.093 97.570
9  0.042 0.074 97.970 0.072 97.820 0.091 97.600
10  0.039 0.074 97.940 0.072 97.820 0.091 97.600
11  0.037 0.072 97.950 0.072 97.820 0.091 97.600
12  0.034 0.071 97.960 0.072 97.820 0.091 97.600
13  0.033 0.070 98.080 0.069 97.900 0.091 97.740
14  0.031 0.071 98.070 0.069 97.900 0.091 97.740
15  0.029 0.071 98.060 0.069 97.900 0.091 97.740
16  0.028 0.069 98.130 0.066 98.010 0.093 97.670
17  0.026 0.069 98.160 0.066 97.960 0.094 97.650
18  0.025 0.069 98.130 0.066 97.960 0.094 97.650
