0  0.489 92.136 0.158 96.500 0.163 96.230 0.086 97.660
1  0.126 97.216 0.119 97.120 0.121 96.820 0.084 97.780
2  0.094 97.812 0.103 97.560 0.104 97.400 0.083 97.820
3  0.078 98.208 0.094 97.620 0.094 97.430 0.082 97.830
4  0.067 98.484 0.088 97.660 0.087 97.570 0.081 97.830
5  0.059 98.604 0.083 97.830 0.082 97.600 0.082 97.750
6  0.053 98.794 0.080 97.860 0.079 97.740 0.083 97.750
7  0.048 98.950 0.077 97.890 0.076 97.700 0.082 97.760
8  0.044 99.036 0.076 97.910 0.074 97.770 0.083 97.740
9  0.041 99.126 0.074 97.970 0.073 97.810 0.084 97.760
10  0.038 99.206 0.073 97.940 0.073 97.810 0.084 97.760
11  0.036 99.274 0.072 98.000 0.070 97.870 0.085 97.700
12  0.034 99.342 0.071 98.040 0.069 97.920 0.086 97.660
13  0.032 99.370 0.070 97.990 0.069 97.920 0.086 97.660
14  0.030 99.434 0.070 98.040 0.067 97.970 0.086 97.720
15  0.028 99.446 0.069 98.080 0.066 97.950 0.085 97.740
16  0.027 99.530 0.069 98.070 0.066 97.950 0.085 97.740
17  0.026 99.556 0.068 98.040 0.066 97.950 0.085 97.740
18  0.025 99.590 0.068 98.140 0.065 98.050 0.089 97.650
19  0.023 99.608 0.068 98.130 0.065 98.050 0.089 97.650
20  0.022 99.644 0.067 98.160 0.064 97.970 0.087 97.760
21  0.021 99.656 0.067 98.210 0.064 98.080 0.089 97.720
22  0.021 99.700 0.067 98.180 0.064 98.080 0.089 97.720
23  0.020 99.708 0.067 98.200 0.064 98.080 0.089 97.720
24  0.019 99.736 0.066 98.190 0.064 98.080 0.089 97.720
25  0.018 99.756 0.067 98.180 0.064 98.080 0.089 97.720
26  0.018 99.788 0.067 98.220 0.063 98.080 0.092 97.610
27  0.017 99.796 0.066 98.180 0.063 98.080 0.092 97.610
28  0.016 99.808 0.067 98.190 0.063 98.080 0.092 97.610
29  0.016 99.836 0.067 98.150 0.063 98.080 0.092 97.610
30  0.015 99.830 0.067 98.250 0.062 98.070 0.092 97.650
31  0.015 99.844 0.066 98.220 0.062 98.070 0.092 97.650
32  0.014 99.860 0.066 98.200 0.062 98.070 0.092 97.650
33  0.014 99.872 0.067 98.150 0.062 98.070 0.092 97.650
34  0.013 99.870 0.066 98.290 0.062 98.070 0.095 97.550
35  0.013 99.882 0.067 98.250 0.062 98.070 0.095 97.550
36  0.013 99.888 0.066 98.260 0.062 98.070 0.095 97.550
37  0.012 99.892 0.067 98.220 0.062 98.070 0.095 97.550
38  0.012 99.890 0.067 98.240 0.062 98.070 0.095 97.550
39  0.012 99.892 0.067 98.250 0.062 98.070 0.095 97.550
40  0.011 99.904 0.067 98.250 0.062 98.070 0.095 97.550
41  0.011 99.908 0.067 98.220 0.062 98.070 0.095 97.550
42  0.011 99.918 0.067 98.280 0.062 98.070 0.095 97.550
43  0.010 99.914 0.067 98.290 0.062 98.140 0.096 97.510
44  0.010 99.924 0.067 98.270 0.062 98.140 0.096 97.510
45  0.010 99.920 0.067 98.310 0.062 98.100 0.098 97.510
46  0.010 99.926 0.068 98.260 0.062 98.100 0.098 97.510
47  0.009 99.930 0.067 98.270 0.062 98.100 0.098 97.510
48  0.009 99.930 0.067 98.310 0.062 98.100 0.098 97.510
49  0.009 99.946 0.067 98.270 0.062 98.100 0.098 97.510
50  0.009 99.942 0.068 98.210 0.062 98.100 0.098 97.510
51  0.008 99.942 0.067 98.270 0.062 98.100 0.098 97.510
52  0.008 99.948 0.068 98.290 0.062 98.100 0.098 97.510
53  0.008 99.948 0.068 98.270 0.062 98.100 0.098 97.510
54  0.008 99.952 0.069 98.240 0.062 98.100 0.098 97.510
55  0.008 99.954 0.068 98.280 0.062 98.100 0.098 97.510
56  0.008 99.960 0.069 98.280 0.062 98.100 0.098 97.510
57  0.007 99.958 0.069 98.250 0.062 98.100 0.098 97.510
58  0.007 99.962 0.068 98.270 0.062 98.100 0.098 97.510
59  0.007 99.956 0.068 98.280 0.062 98.100 0.098 97.510
60  0.007 99.964 0.069 98.270 0.062 98.100 0.098 97.510
61  0.007 99.970 0.069 98.310 0.063 98.100 0.101 97.430
62  0.007 99.974 0.069 98.270 0.063 98.100 0.101 97.430
63  0.007 99.974 0.069 98.260 0.063 98.100 0.101 97.430
64  0.006 99.970 0.069 98.260 0.063 98.100 0.101 97.430
65  0.006 99.980 0.069 98.260 0.063 98.100 0.101 97.430
66  0.006 99.978 0.069 98.270 0.063 98.100 0.101 97.430
67  0.006 99.980 0.069 98.260 0.063 98.100 0.101 97.430
68  0.006 99.976 0.069 98.290 0.063 98.100 0.101 97.430
69  0.006 99.980 0.069 98.300 0.063 98.100 0.101 97.430
70  0.006 99.982 0.070 98.250 0.063 98.100 0.101 97.430
71  0.006 99.982 0.070 98.260 0.063 98.100 0.101 97.430
72  0.006 99.982 0.070 98.270 0.063 98.100 0.101 97.430
73  0.005 99.984 0.070 98.250 0.063 98.100 0.101 97.430
74  0.005 99.982 0.070 98.270 0.063 98.100 0.101 97.430
75  0.005 99.980 0.070 98.260 0.063 98.100 0.101 97.430
76  0.005 99.984 0.070 98.250 0.063 98.100 0.101 97.430
77  0.005 99.984 0.071 98.260 0.063 98.100 0.101 97.430
78  0.005 99.986 0.071 98.230 0.063 98.100 0.101 97.430
79  0.005 99.986 0.071 98.260 0.063 98.100 0.101 97.430
80  0.005 99.982 0.071 98.250 0.063 98.100 0.101 97.430
81  0.005 99.984 0.071 98.250 0.063 98.100 0.101 97.430
82  0.005 99.986 0.071 98.260 0.063 98.100 0.101 97.430
83  0.005 99.986 0.071 98.250 0.063 98.100 0.101 97.430
84  0.005 99.986 0.071 98.260 0.063 98.100 0.101 97.430
85  0.004 99.990 0.071 98.190 0.063 98.100 0.101 97.430
86  0.004 99.988 0.071 98.240 0.063 98.100 0.101 97.430
87  0.004 99.990 0.072 98.230 0.063 98.100 0.101 97.430
88  0.004 99.990 0.072 98.260 0.063 98.100 0.101 97.430
89  0.004 99.990 0.072 98.230 0.063 98.100 0.101 97.430
90  0.004 99.990 0.072 98.240 0.063 98.100 0.101 97.430
91  0.004 99.990 0.072 98.230 0.063 98.100 0.101 97.430
92  0.004 99.994 0.072 98.220 0.063 98.100 0.101 97.430
93  0.004 99.992 0.072 98.230 0.063 98.100 0.101 97.430
94  0.004 99.994 0.072 98.230 0.063 98.100 0.101 97.430
95  0.004 99.992 0.073 98.240 0.063 98.100 0.101 97.430
96  0.004 99.992 0.072 98.220 0.063 98.100 0.101 97.430
97  0.004 99.992 0.072 98.220 0.063 98.100 0.101 97.430
98  0.004 99.992 0.072 98.230 0.063 98.100 0.101 97.430
99  0.004 99.992 0.073 98.220 0.063 98.100 0.101 97.430
100  0.004 99.996 0.073 98.250 0.063 98.100 0.101 97.430
101  0.004 99.994 0.073 98.230 0.063 98.100 0.101 97.430
102  0.004 99.994 0.073 98.220 0.063 98.100 0.101 97.430
103  0.003 99.992 0.073 98.240 0.063 98.100 0.101 97.430
104  0.003 99.994 0.073 98.220 0.063 98.100 0.101 97.430
105  0.003 99.998 0.073 98.220 0.063 98.100 0.101 97.430
106  0.003 99.994 0.073 98.270 0.063 98.100 0.101 97.430
107  0.003 99.996 0.074 98.230 0.063 98.100 0.101 97.430
108  0.003 99.994 0.073 98.240 0.063 98.100 0.101 97.430
109  0.003 99.996 0.073 98.240 0.063 98.100 0.101 97.430
110  0.003 99.996 0.074 98.230 0.063 98.100 0.101 97.430
111  0.003 99.998 0.074 98.220 0.063 98.100 0.101 97.430
112  0.003 99.998 0.074 98.230 0.063 98.100 0.101 97.430
113  0.003 99.996 0.074 98.250 0.063 98.100 0.101 97.430
114  0.003 99.996 0.074 98.240 0.063 98.100 0.101 97.430
115  0.003 99.998 0.074 98.240 0.063 98.100 0.101 97.430
116  0.003 99.996 0.074 98.270 0.063 98.100 0.101 97.430
117  0.003 99.996 0.074 98.220 0.063 98.100 0.101 97.430
118  0.003 99.998 0.074 98.200 0.063 98.100 0.101 97.430
119  0.003 99.998 0.074 98.220 0.063 98.100 0.101 97.430
120  0.003 99.996 0.074 98.220 0.063 98.100 0.101 97.430
121  0.003 99.998 0.074 98.240 0.063 98.100 0.101 97.430
122  0.003 99.998 0.074 98.210 0.063 98.100 0.101 97.430
123  0.003 99.998 0.075 98.200 0.063 98.100 0.101 97.430
124  0.003 99.998 0.075 98.230 0.063 98.100 0.101 97.430
125  0.003 99.998 0.075 98.230 0.063 98.100 0.101 97.430
126  0.003 99.998 0.075 98.210 0.063 98.100 0.101 97.430
127  0.003 99.998 0.075 98.240 0.063 98.100 0.101 97.430
128  0.003 99.998 0.075 98.240 0.063 98.100 0.101 97.430
129  0.003 99.998 0.075 98.210 0.063 98.100 0.101 97.430
130  0.003 99.998 0.075 98.240 0.063 98.100 0.101 97.430
131  0.003 99.998 0.075 98.220 0.063 98.100 0.101 97.430
132  0.003 99.998 0.075 98.240 0.063 98.100 0.101 97.430
133  0.002 99.998 0.075 98.220 0.063 98.100 0.101 97.430
134  0.002 99.998 0.075 98.190 0.063 98.100 0.101 97.430
135  0.002 99.998 0.075 98.220 0.063 98.100 0.101 97.430
136  0.002 99.998 0.076 98.240 0.063 98.100 0.101 97.430
137  0.002 99.998 0.076 98.210 0.063 98.100 0.101 97.430
138  0.002 99.998 0.076 98.220 0.063 98.100 0.101 97.430
139  0.002 99.998 0.076 98.200 0.063 98.100 0.101 97.430
140  0.002 99.998 0.076 98.200 0.063 98.100 0.101 97.430
141  0.002 99.998 0.076 98.230 0.063 98.100 0.101 97.430
142  0.002 99.998 0.076 98.220 0.063 98.100 0.101 97.430
143  0.002 100.000 0.076 98.230 0.063 98.100 0.101 97.430
144  0.002 99.998 0.076 98.200 0.063 98.100 0.101 97.430
145  0.002 99.998 0.076 98.240 0.063 98.100 0.101 97.430
146  0.002 100.000 0.076 98.200 0.063 98.100 0.101 97.430
147  0.002 100.000 0.076 98.210 0.063 98.100 0.101 97.430
148  0.002 100.000 0.076 98.210 0.063 98.100 0.101 97.430
149  0.002 100.000 0.076 98.230 0.063 98.100 0.101 97.430
150  0.002 99.998 0.077 98.220 0.063 98.100 0.101 97.430
151  0.002 99.998 0.077 98.190 0.063 98.100 0.101 97.430
152  0.002 99.998 0.077 98.190 0.063 98.100 0.101 97.430
153  0.002 99.998 0.077 98.220 0.063 98.100 0.101 97.430
154  0.002 99.998 0.077 98.200 0.063 98.100 0.101 97.430
155  0.002 99.998 0.077 98.230 0.063 98.100 0.101 97.430
156  0.002 100.000 0.077 98.220 0.063 98.100 0.101 97.430
157  0.002 99.998 0.077 98.200 0.063 98.100 0.101 97.430
158  0.002 100.000 0.077 98.190 0.063 98.100 0.101 97.430
159  0.002 100.000 0.077 98.230 0.063 98.100 0.101 97.430
160  0.002 100.000 0.077 98.210 0.063 98.100 0.101 97.430
161  0.002 100.000 0.077 98.180 0.063 98.100 0.101 97.430
162  0.002 100.000 0.077 98.210 0.063 98.100 0.101 97.430
163  0.002 100.000 0.077 98.220 0.063 98.100 0.101 97.430
164  0.002 100.000 0.077 98.230 0.063 98.100 0.101 97.430
165  0.002 100.000 0.078 98.210 0.063 98.100 0.101 97.430
166  0.002 100.000 0.078 98.210 0.063 98.100 0.101 97.430
167  0.002 100.000 0.078 98.190 0.063 98.100 0.101 97.430
168  0.002 100.000 0.078 98.220 0.063 98.100 0.101 97.430
169  0.002 100.000 0.078 98.220 0.063 98.100 0.101 97.430
170  0.002 100.000 0.078 98.220 0.063 98.100 0.101 97.430
171  0.002 100.000 0.078 98.250 0.063 98.100 0.101 97.430
172  0.002 100.000 0.078 98.230 0.063 98.100 0.101 97.430
173  0.002 100.000 0.078 98.220 0.063 98.100 0.101 97.430
174  0.002 100.000 0.078 98.240 0.063 98.100 0.101 97.430
175  0.002 100.000 0.078 98.220 0.063 98.100 0.101 97.430
176  0.002 100.000 0.078 98.210 0.063 98.100 0.101 97.430
177  0.002 100.000 0.078 98.220 0.063 98.100 0.101 97.430
178  0.002 100.000 0.078 98.210 0.063 98.100 0.101 97.430
179  0.002 100.000 0.078 98.200 0.063 98.100 0.101 97.430
180  0.002 100.000 0.078 98.180 0.063 98.100 0.101 97.430
181  0.002 100.000 0.079 98.210 0.063 98.100 0.101 97.430
182  0.002 100.000 0.079 98.220 0.063 98.100 0.101 97.430
183  0.002 100.000 0.079 98.200 0.063 98.100 0.101 97.430
184  0.002 100.000 0.079 98.250 0.063 98.100 0.101 97.430
185  0.002 100.000 0.079 98.220 0.063 98.100 0.101 97.430
186  0.002 100.000 0.079 98.230 0.063 98.100 0.101 97.430
187  0.002 100.000 0.079 98.190 0.063 98.100 0.101 97.430
188  0.002 100.000 0.079 98.210 0.063 98.100 0.101 97.430
189  0.002 100.000 0.079 98.200 0.063 98.100 0.101 97.430
190  0.002 100.000 0.079 98.210 0.063 98.100 0.101 97.430
191  0.002 100.000 0.079 98.190 0.063 98.100 0.101 97.430
192  0.002 100.000 0.079 98.200 0.063 98.100 0.101 97.430
193  0.002 100.000 0.079 98.240 0.063 98.100 0.101 97.430
194  0.002 100.000 0.079 98.200 0.063 98.100 0.101 97.430
195  0.002 100.000 0.079 98.220 0.063 98.100 0.101 97.430
196  0.001 100.000 0.079 98.210 0.063 98.100 0.101 97.430
197  0.001 100.000 0.080 98.210 0.063 98.100 0.101 97.430
198  0.001 100.000 0.080 98.210 0.063 98.100 0.101 97.430
199  0.001 100.000 0.080 98.200 0.063 98.100 0.101 97.430
