0  0.869 0.348 90.540 0.362 90.110
1  0.336 0.275 92.190 0.283 92.040
2  0.278 0.239 93.380 0.247 93.120
3  0.245 0.217 93.950 0.223 93.740
4  0.220 0.198 94.500 0.203 94.150
5  0.200 0.182 95.040 0.189 94.660
6  0.183 0.168 95.440 0.173 95.070
7  0.167 0.160 95.640 0.165 95.270
8  0.155 0.149 95.980 0.152 95.640
9  0.144 0.141 96.190 0.144 95.770
10  0.134 0.135 96.350 0.136 96.040
11  0.126 0.128 96.510 0.130 96.170
12  0.117 0.123 96.640 0.124 96.380
13  0.110 0.119 96.700 0.120 96.510
14  0.104 0.114 96.880 0.115 96.540
15  0.098 0.111 96.940 0.109 96.780
16  0.093 0.109 96.990 0.107 96.890
17  0.087 0.105 97.070 0.104 96.900
18  0.083 0.101 97.230 0.101 96.980
19  0.078 0.099 97.180 0.101 96.980
20  0.075 0.097 97.320 0.096 97.220
21  0.071 0.095 97.350 0.093 97.200
22  0.067 0.092 97.330 0.093 97.200
23  0.064 0.091 97.490 0.088 97.360
24  0.061 0.089 97.530 0.087 97.460
25  0.059 0.087 97.490 0.087 97.460
26  0.056 0.086 97.580 0.083 97.500
27  0.053 0.085 97.540 0.083 97.500
28  0.051 0.084 97.610 0.081 97.600
29  0.049 0.083 97.640 0.081 97.620
30  0.046 0.081 97.640 0.081 97.620
31  0.044 0.080 97.720 0.077 97.690
32  0.043 0.080 97.710 0.077 97.690
33  0.041 0.079 97.730 0.076 97.750
34  0.039 0.079 97.770 0.074 97.790
35  0.037 0.078 97.800 0.074 97.830
36  0.036 0.078 97.700 0.074 97.830
37  0.034 0.077 97.820 0.073 97.910
38  0.033 0.075 97.820 0.072 97.870
39  0.031 0.076 97.800 0.072 97.870
40  0.030 0.076 97.810 0.072 97.870
41  0.029 0.076 97.860 0.070 97.950
42  0.028 0.074 97.950 0.069 97.890
43  0.027 0.074 97.910 0.069 97.890
44  0.026 0.074 97.890 0.069 97.890
45  0.025 0.073 97.990 0.068 97.960
46  0.024 0.074 97.870 0.068 97.960
47  0.023 0.073 97.920 0.068 97.960
48  0.022 0.073 98.010 0.067 97.960
49  0.021 0.073 97.930 0.067 97.960
50  0.020 0.072 98.040 0.067 97.990
51  0.019 0.072 98.040 0.067 97.990
52  0.019 0.072 98.010 0.067 97.990
53  0.018 0.073 97.940 0.067 97.990
54  0.017 0.073 97.970 0.067 97.990
55  0.017 0.071 98.040 0.067 97.990
56  0.016 0.072 97.990 0.067 97.990
57  0.016 0.073 97.970 0.067 97.990
58  0.015 0.072 98.030 0.067 97.990
59  0.015 0.072 98.060 0.066 98.030
60  0.014 0.072 98.010 0.066 98.030
61  0.014 0.072 98.080 0.066 97.970
62  0.013 0.072 98.000 0.066 97.970
63  0.013 0.071 97.970 0.066 97.970
64  0.012 0.072 97.970 0.066 97.970
65  0.012 0.071 98.030 0.066 97.970
66  0.012 0.072 98.080 0.066 98.020
67  0.011 0.072 98.020 0.066 98.020
68  0.011 0.072 97.980 0.066 98.020
69  0.010 0.072 97.980 0.066 98.020
70  0.010 0.072 98.030 0.066 98.020
71  0.010 0.072 97.990 0.066 98.020
72  0.010 0.072 97.980 0.066 98.020
73  0.009 0.072 98.010 0.066 98.020
74  0.009 0.072 98.040 0.066 98.020
75  0.009 0.072 98.020 0.066 98.020
76  0.008 0.072 97.970 0.066 98.020
77  0.008 0.073 98.010 0.066 98.020
78  0.008 0.072 98.020 0.066 98.020
79  0.008 0.072 98.060 0.066 98.020
80  0.007 0.073 98.060 0.066 98.020
81  0.007 0.072 98.080 0.066 98.020
82  0.007 0.073 98.030 0.066 98.020
83  0.007 0.073 97.980 0.066 98.020
84  0.007 0.073 98.060 0.066 98.020
85  0.007 0.073 98.040 0.066 98.020
86  0.006 0.074 98.010 0.066 98.020
87  0.006 0.073 98.080 0.066 98.020
88  0.006 0.073 98.060 0.066 98.020
89  0.006 0.073 98.070 0.066 98.020
90  0.006 0.073 98.080 0.066 98.020
91  0.006 0.073 98.070 0.066 98.020
92  0.006 0.074 97.980 0.066 98.020
93  0.005 0.074 98.130 0.066 98.090
94  0.005 0.074 98.110 0.066 98.090
95  0.005 0.074 98.070 0.066 98.090
96  0.005 0.074 98.070 0.066 98.090
97  0.005 0.074 98.090 0.066 98.090
98  0.005 0.074 98.090 0.066 98.090
99  0.005 0.074 98.060 0.066 98.090
100  0.005 0.075 98.060 0.066 98.090
101  0.005 0.075 98.090 0.066 98.090
102  0.004 0.075 98.100 0.066 98.090
103  0.004 0.075 98.120 0.066 98.090
104  0.004 0.074 98.050 0.066 98.090
105  0.004 0.075 98.070 0.066 98.090
106  0.004 0.075 98.080 0.066 98.090
107  0.004 0.075 98.030 0.066 98.090
108  0.004 0.075 98.020 0.066 98.090
109  0.004 0.075 98.130 0.066 98.090
110  0.004 0.075 98.100 0.066 98.090
111  0.004 0.075 98.100 0.066 98.090
112  0.004 0.075 98.050 0.066 98.090
113  0.004 0.076 98.080 0.066 98.090
114  0.004 0.075 98.040 0.066 98.090
115  0.003 0.076 98.070 0.066 98.090
116  0.003 0.076 98.110 0.066 98.090
117  0.003 0.076 98.030 0.066 98.090
118  0.003 0.076 98.050 0.066 98.090
119  0.003 0.076 98.070 0.066 98.090
120  0.003 0.076 98.070 0.066 98.090
121  0.003 0.077 98.030 0.066 98.090
122  0.003 0.076 98.100 0.066 98.090
123  0.003 0.077 98.040 0.066 98.090
124  0.003 0.077 98.060 0.066 98.090
125  0.003 0.076 98.050 0.066 98.090
126  0.003 0.077 98.040 0.066 98.090
127  0.003 0.077 98.060 0.066 98.090
128  0.003 0.077 98.060 0.066 98.090
129  0.003 0.077 98.090 0.066 98.090
130  0.003 0.077 98.050 0.066 98.090
131  0.003 0.077 98.090 0.066 98.090
132  0.003 0.077 98.130 0.066 98.090
133  0.003 0.078 98.050 0.066 98.090
134  0.003 0.078 98.030 0.066 98.090
135  0.003 0.077 98.090 0.066 98.090
136  0.002 0.077 98.110 0.066 98.090
137  0.002 0.078 98.120 0.066 98.090
138  0.002 0.078 98.060 0.066 98.090
139  0.002 0.078 98.020 0.066 98.090
140  0.002 0.078 98.060 0.066 98.090
141  0.002 0.078 98.050 0.066 98.090
142  0.002 0.078 98.070 0.066 98.090
143  0.002 0.078 98.050 0.066 98.090
144  0.002 0.078 98.080 0.066 98.090
145  0.002 0.079 98.060 0.066 98.090
146  0.002 0.078 98.080 0.066 98.090
147  0.002 0.078 98.070 0.066 98.090
148  0.002 0.079 98.100 0.066 98.090
149  0.002 0.079 98.060 0.066 98.090
150  0.002 0.079 98.080 0.066 98.090
151  0.002 0.079 98.080 0.066 98.090
152  0.002 0.079 98.110 0.066 98.090
153  0.002 0.079 98.040 0.066 98.090
154  0.002 0.079 98.100 0.066 98.090
155  0.002 0.079 98.040 0.066 98.090
156  0.002 0.079 98.060 0.066 98.090
157  0.002 0.079 98.080 0.066 98.090
158  0.002 0.079 98.040 0.066 98.090
159  0.002 0.079 98.080 0.066 98.090
160  0.002 0.079 98.070 0.066 98.090
161  0.002 0.080 98.070 0.066 98.090
162  0.002 0.080 98.060 0.066 98.090
163  0.002 0.080 98.100 0.066 98.090
164  0.002 0.080 98.070 0.066 98.090
165  0.002 0.080 98.040 0.066 98.090
166  0.002 0.080 98.060 0.066 98.090
167  0.002 0.080 98.030 0.066 98.090
168  0.002 0.080 98.050 0.066 98.090
169  0.002 0.080 98.050 0.066 98.090
170  0.002 0.080 98.080 0.066 98.090
171  0.002 0.080 98.040 0.066 98.090
172  0.002 0.080 98.100 0.066 98.090
173  0.002 0.080 98.020 0.066 98.090
174  0.002 0.081 98.070 0.066 98.090
175  0.002 0.080 98.060 0.066 98.090
176  0.002 0.080 98.050 0.066 98.090
177  0.002 0.080 98.080 0.066 98.090
178  0.002 0.081 98.070 0.066 98.090
179  0.002 0.081 98.080 0.066 98.090
180  0.001 0.081 98.050 0.066 98.090
181  0.001 0.081 98.040 0.066 98.090
182  0.001 0.081 98.040 0.066 98.090
183  0.001 0.081 98.020 0.066 98.090
184  0.001 0.081 98.010 0.066 98.090
185  0.001 0.081 98.100 0.066 98.090
186  0.001 0.081 98.080 0.066 98.090
187  0.001 0.081 98.050 0.066 98.090
188  0.001 0.081 98.060 0.066 98.090
189  0.001 0.081 98.090 0.066 98.090
190  0.001 0.081 98.080 0.066 98.090
191  0.001 0.081 98.070 0.066 98.090
192  0.001 0.082 98.040 0.066 98.090
193  0.001 0.082 98.090 0.066 98.090
194  0.001 0.082 98.070 0.066 98.090
195  0.001 0.082 98.080 0.066 98.090
196  0.001 0.082 98.020 0.066 98.090
197  0.001 0.082 98.100 0.066 98.090
198  0.001 0.082 98.050 0.066 98.090
199  0.001 0.082 98.070 0.066 98.090
