0  1.793 41.156 1.404 54.222 1.409 54.400
1  1.225 63.844 1.170 61.111 1.164 62.200
2  0.970 70.933 0.952 71.778 0.948 72.700
3  0.817 74.711 0.931 72.000 0.914 70.400
4  0.708 78.600 0.928 68.000 0.914 70.400
5  0.627 81.156 0.808 74.000 0.765 76.200
6  0.556 83.844 0.826 74.222 0.802 73.700
7  0.500 85.978 0.816 73.556 0.802 73.700
8  0.453 86.889 0.748 74.667 0.717 76.800
9  0.410 88.711 0.769 72.444 0.717 76.800
10  0.375 89.933 0.751 73.778 0.717 76.800
11  0.340 91.089 0.785 72.444 0.717 76.800
12  0.313 92.267 0.784 73.556 0.717 76.800
13  0.283 92.978 0.724 75.333 0.682 76.700
14  0.256 94.356 0.728 74.889 0.682 76.700
15  0.237 94.667 0.823 72.222 0.682 76.700
16  0.214 95.556 0.817 72.222 0.682 76.700
17  0.201 95.822 0.787 73.333 0.682 76.700
18  0.177 96.644 0.789 73.333 0.682 76.700
19  0.162 97.444 0.788 74.222 0.682 76.700
20  0.152 97.778 0.768 75.778 0.680 78.900
21  0.131 98.289 0.794 73.778 0.680 78.900
22  0.126 98.289 0.774 74.000 0.680 78.900
23  0.112 98.556 0.766 74.889 0.680 78.900
24  0.101 98.911 0.848 72.444 0.680 78.900
25  0.092 99.378 0.805 73.333 0.680 78.900
26  0.089 98.978 0.795 74.889 0.680 78.900
27  0.077 99.267 0.862 73.778 0.680 78.900
28  0.071 99.467 0.821 72.889 0.680 78.900
29  0.068 99.422 0.898 72.889 0.680 78.900
30  0.061 99.578 0.848 74.000 0.680 78.900
31  0.057 99.689 0.875 73.111 0.680 78.900
32  0.052 99.600 0.912 72.889 0.680 78.900
33  0.048 99.778 0.882 73.333 0.680 78.900
34  0.044 99.689 0.884 73.556 0.680 78.900
35  0.040 99.889 0.913 73.333 0.680 78.900
36  0.039 99.711 0.948 73.556 0.680 78.900
37  0.033 99.956 0.907 74.000 0.680 78.900
38  0.031 99.889 0.944 73.556 0.680 78.900
39  0.029 99.956 0.985 72.889 0.680 78.900
40  0.029 99.711 0.959 72.667 0.680 78.900
41  0.026 99.822 0.937 74.667 0.680 78.900
42  0.023 99.978 0.918 74.444 0.680 78.900
43  0.022 99.911 0.956 74.889 0.680 78.900
44  0.020 99.911 0.968 74.444 0.680 78.900
45  0.019 99.956 0.964 74.667 0.680 78.900
46  0.018 100.000 1.079 74.667 0.680 78.900
47  0.018 99.844 0.994 73.556 0.680 78.900
48  0.014 100.000 0.994 74.222 0.680 78.900
49  0.014 100.000 1.120 72.444 0.680 78.900
50  0.014 99.889 1.030 74.444 0.680 78.900
51  0.013 99.933 1.020 74.667 0.680 78.900
52  0.014 99.844 1.038 73.778 0.680 78.900
53  0.011 99.933 1.027 74.222 0.680 78.900
54  0.011 99.933 1.039 74.667 0.680 78.900
55  0.010 99.978 1.047 74.222 0.680 78.900
56  0.013 99.822 1.059 73.778 0.680 78.900
57  0.012 99.844 1.046 73.778 0.680 78.900
58  0.008 99.956 1.078 73.556 0.680 78.900
59  0.010 99.822 1.077 74.444 0.680 78.900
60  0.008 99.956 1.095 73.333 0.680 78.900
61  0.007 100.000 1.157 73.111 0.680 78.900
62  0.008 99.978 1.085 73.778 0.680 78.900
63  0.006 100.000 1.108 74.889 0.680 78.900
64  0.006 100.000 1.204 73.556 0.680 78.900
65  0.008 99.889 1.122 72.667 0.680 78.900
66  0.006 100.000 1.133 74.444 0.680 78.900
67  0.005 100.000 1.173 73.333 0.680 78.900
68  0.007 99.911 1.149 75.111 0.680 78.900
69  0.005 99.956 1.158 74.889 0.680 78.900
70  0.006 99.889 1.172 74.444 0.680 78.900
71  0.005 99.978 1.155 73.556 0.680 78.900
72  0.004 100.000 1.195 74.222 0.680 78.900
73  0.004 100.000 1.178 73.333 0.680 78.900
74  0.004 100.000 1.207 73.778 0.680 78.900
75  0.005 100.000 1.187 73.556 0.680 78.900
76  0.003 100.000 1.203 73.778 0.680 78.900
77  0.006 99.889 1.200 73.556 0.680 78.900
78  0.003 100.000 1.452 71.778 0.680 78.900
79  0.003 100.000 1.231 73.111 0.680 78.900
80  0.003 99.956 1.217 74.889 0.680 78.900
81  0.004 99.978 1.225 73.778 0.680 78.900
82  0.003 100.000 1.236 74.444 0.680 78.900
83  0.003 100.000 1.230 74.222 0.680 78.900
84  0.002 100.000 1.225 74.444 0.680 78.900
85  0.003 100.000 1.308 74.000 0.680 78.900
86  0.002 100.000 1.273 74.000 0.680 78.900
87  0.003 99.978 1.260 74.000 0.680 78.900
88  0.002 100.000 1.282 73.778 0.680 78.900
89  0.002 100.000 1.255 74.000 0.680 78.900
90  0.002 100.000 1.277 74.222 0.680 78.900
91  0.002 100.000 1.288 74.222 0.680 78.900
92  0.004 99.911 1.294 73.778 0.680 78.900
93  0.003 99.978 1.287 75.111 0.680 78.900
94  0.002 100.000 1.302 74.222 0.680 78.900
95  0.005 99.844 1.300 74.000 0.680 78.900
96  0.001 100.000 1.283 74.222 0.680 78.900
97  0.002 100.000 1.331 74.667 0.680 78.900
98  0.001 100.000 1.293 74.667 0.680 78.900
99  0.006 99.822 1.333 74.667 0.680 78.900
