0  1.776 41.533 1.346 60.444 1.350 62.300
1  1.200 62.578 1.161 60.889 1.159 62.000
2  0.930 71.622 1.060 61.778 1.056 62.900
3  0.784 76.333 0.906 72.000 0.900 70.300
4  0.678 78.800 0.882 72.444 0.851 72.300
5  0.586 82.489 0.771 76.222 0.746 75.100
6  0.524 83.933 0.870 71.778 0.746 75.100
7  0.472 86.644 0.742 75.111 0.746 75.100
8  0.417 87.956 0.830 70.444 0.746 75.100
9  0.381 89.067 0.808 72.889 0.746 75.100
10  0.346 90.844 0.737 75.778 0.746 75.100
11  0.306 91.711 0.723 74.444 0.746 75.100
12  0.274 93.022 0.803 74.444 0.746 75.100
13  0.242 94.511 0.784 72.222 0.746 75.100
14  0.223 94.778 0.803 75.333 0.746 75.100
15  0.198 95.733 0.820 73.111 0.746 75.100
16  0.177 96.267 0.766 74.667 0.746 75.100
17  0.162 96.711 0.791 74.222 0.746 75.100
18  0.147 97.467 0.758 74.444 0.746 75.100
19  0.130 98.178 0.785 73.778 0.746 75.100
20  0.124 97.778 0.773 74.889 0.746 75.100
21  0.108 98.422 0.776 74.667 0.746 75.100
22  0.093 98.978 0.818 74.889 0.746 75.100
23  0.088 98.844 0.889 74.667 0.746 75.100
24  0.078 99.200 0.827 74.667 0.746 75.100
25  0.074 99.067 0.800 74.889 0.746 75.100
26  0.065 99.289 0.831 75.556 0.746 75.100
27  0.057 99.400 0.816 74.889 0.746 75.100
28  0.053 99.533 0.845 75.111 0.746 75.100
29  0.046 99.600 0.938 73.111 0.746 75.100
30  0.044 99.511 0.853 76.222 0.746 75.100
31  0.040 99.511 0.893 74.889 0.746 75.100
32  0.036 99.644 0.893 73.778 0.746 75.100
33  0.036 99.578 0.894 74.222 0.746 75.100
34  0.028 99.889 0.909 74.222 0.746 75.100
35  0.025 99.956 0.903 75.333 0.746 75.100
36  0.025 99.911 0.980 74.000 0.746 75.100
37  0.022 99.889 0.924 75.111 0.746 75.100
38  0.021 99.889 0.946 74.444 0.746 75.100
39  0.023 99.689 0.946 74.222 0.746 75.100
40  0.018 99.911 0.988 74.444 0.746 75.100
41  0.021 99.600 1.019 74.444 0.746 75.100
42  0.017 99.756 1.063 75.333 0.746 75.100
43  0.014 99.956 1.081 73.333 0.746 75.100
44  0.014 99.911 1.023 74.444 0.746 75.100
45  0.013 99.933 0.985 75.556 0.746 75.100
46  0.014 99.822 1.010 74.889 0.746 75.100
47  0.015 99.622 1.012 74.000 0.746 75.100
48  0.011 99.911 1.030 74.000 0.746 75.100
49  0.008 100.000 1.074 74.222 0.746 75.100
50  0.011 99.844 1.432 70.444 0.746 75.100
51  0.007 99.956 1.059 74.000 0.746 75.100
52  0.009 99.889 1.081 74.667 0.746 75.100
53  0.008 99.933 1.063 74.667 0.746 75.100
54  0.007 99.933 1.066 75.111 0.746 75.100
55  0.006 99.933 1.075 74.889 0.746 75.100
56  0.008 99.889 1.102 74.000 0.746 75.100
57  0.008 99.844 1.104 74.889 0.746 75.100
58  0.005 100.000 1.125 74.222 0.746 75.100
59  0.007 99.867 1.151 74.667 0.746 75.100
60  0.010 99.778 1.105 74.667 0.746 75.100
61  0.005 99.956 1.138 74.222 0.746 75.100
62  0.004 100.000 1.167 73.778 0.746 75.100
63  0.003 100.000 1.230 74.000 0.746 75.100
64  0.003 100.000 1.183 74.222 0.746 75.100
65  0.005 99.911 1.159 74.444 0.746 75.100
66  0.003 100.000 1.184 73.778 0.746 75.100
67  0.002 100.000 1.186 75.333 0.746 75.100
68  0.005 99.911 1.267 72.889 0.746 75.100
69  0.007 99.867 1.191 74.444 0.746 75.100
70  0.002 100.000 1.223 73.111 0.746 75.100
71  0.002 100.000 1.241 73.333 0.746 75.100
72  0.002 100.000 1.230 74.000 0.746 75.100
73  0.002 100.000 1.231 74.667 0.746 75.100
74  0.002 100.000 1.253 73.778 0.746 75.100
75  0.002 100.000 1.236 74.444 0.746 75.100
76  0.002 100.000 1.260 74.444 0.746 75.100
77  0.001 100.000 1.261 74.444 0.746 75.100
78  0.001 100.000 1.256 74.444 0.746 75.100
79  0.001 100.000 1.295 73.778 0.746 75.100
80  0.001 100.000 1.270 74.667 0.746 75.100
81  0.001 100.000 1.275 74.222 0.746 75.100
82  0.001 100.000 1.281 74.444 0.746 75.100
83  0.001 100.000 1.301 72.889 0.746 75.100
84  0.001 100.000 1.323 74.444 0.746 75.100
85  0.001 100.000 1.311 73.556 0.746 75.100
86  0.001 100.000 1.314 74.000 0.746 75.100
87  0.001 100.000 1.324 74.222 0.746 75.100
88  0.001 100.000 1.334 73.333 0.746 75.100
89  0.001 100.000 1.337 73.778 0.746 75.100
90  0.001 100.000 1.333 74.222 0.746 75.100
91  0.001 100.000 1.346 74.000 0.746 75.100
92  0.001 100.000 1.362 73.333 0.746 75.100
93  0.001 100.000 1.362 74.222 0.746 75.100
94  0.001 100.000 1.361 74.000 0.746 75.100
95  0.001 100.000 1.364 73.556 0.746 75.100
96  0.001 100.000 1.356 73.778 0.746 75.100
97  0.001 100.000 1.377 73.556 0.746 75.100
98  0.001 100.000 1.372 73.333 0.746 75.100
99  0.001 100.000 1.374 74.222 0.746 75.100
