0  1.774 40.089 1.429 50.889 1.417 51.900
1  1.201 63.244 1.134 65.333 1.117 65.200
2  0.948 70.933 0.974 69.778 0.961 68.400
3  0.788 75.600 0.889 72.444 0.837 73.300
4  0.687 78.489 0.851 71.333 0.837 73.300
5  0.599 81.867 0.821 73.556 0.774 74.300
6  0.534 84.044 0.826 70.889 0.774 74.300
7  0.482 85.667 0.787 74.667 0.759 74.400
8  0.426 88.244 0.735 75.333 0.709 76.000
9  0.386 89.133 0.748 74.000 0.709 76.000
10  0.350 90.333 0.792 73.556 0.709 76.000
11  0.311 92.000 0.799 73.111 0.709 76.000
12  0.280 92.778 0.787 74.667 0.709 76.000
13  0.255 93.711 0.778 74.000 0.709 76.000
14  0.234 94.333 0.753 75.333 0.709 76.000
15  0.208 95.267 0.794 74.444 0.709 76.000
16  0.191 95.556 0.736 75.333 0.709 76.000
17  0.171 96.733 0.748 75.333 0.709 76.000
18  0.155 96.933 0.765 73.778 0.709 76.000
19  0.135 97.844 0.747 74.889 0.709 76.000
20  0.125 97.978 0.763 75.556 0.668 78.700
21  0.111 98.422 0.831 74.667 0.668 78.700
22  0.103 98.667 0.762 74.444 0.668 78.700
23  0.088 99.022 0.806 76.444 0.707 78.200
24  0.084 98.933 0.808 74.000 0.707 78.200
25  0.075 99.044 0.838 75.111 0.707 78.200
26  0.066 99.533 0.819 74.222 0.707 78.200
27  0.065 99.111 0.862 74.444 0.707 78.200
28  0.056 99.600 0.925 74.222 0.707 78.200
29  0.050 99.711 0.893 74.000 0.707 78.200
30  0.050 99.422 0.861 75.333 0.707 78.200
31  0.041 99.667 0.846 74.889 0.707 78.200
32  0.038 99.756 0.909 74.222 0.707 78.200
33  0.035 99.644 0.892 75.333 0.707 78.200
34  0.033 99.711 0.904 74.667 0.707 78.200
35  0.029 99.756 0.896 75.778 0.707 78.200
36  0.028 99.822 0.938 74.222 0.707 78.200
37  0.026 99.756 0.957 75.111 0.707 78.200
38  0.023 99.844 0.980 75.333 0.707 78.200
39  0.019 100.000 0.943 74.444 0.707 78.200
40  0.023 99.689 0.955 74.889 0.707 78.200
41  0.018 99.844 1.005 74.000 0.707 78.200
42  0.019 99.711 0.969 75.556 0.707 78.200
43  0.017 99.733 1.018 74.222 0.707 78.200
44  0.013 100.000 1.010 73.556 0.707 78.200
45  0.012 100.000 1.020 74.444 0.707 78.200
46  0.012 99.889 1.032 74.000 0.707 78.200
47  0.011 99.933 1.038 74.889 0.707 78.200
48  0.010 100.000 1.054 75.556 0.707 78.200
49  0.008 100.000 1.131 74.000 0.707 78.200
50  0.010 99.956 1.081 72.889 0.707 78.200
51  0.010 99.867 1.076 74.222 0.707 78.200
52  0.008 99.933 1.086 73.556 0.707 78.200
53  0.010 99.778 1.079 75.111 0.707 78.200
54  0.009 99.844 1.095 74.000 0.707 78.200
55  0.005 100.000 1.167 75.333 0.707 78.200
56  0.006 99.978 1.123 73.556 0.707 78.200
57  0.006 99.933 1.133 74.667 0.707 78.200
58  0.008 99.867 1.359 75.333 0.707 78.200
59  0.010 99.844 1.125 74.000 0.707 78.200
60  0.004 100.000 1.188 74.222 0.707 78.200
61  0.004 100.000 1.141 74.222 0.707 78.200
62  0.008 99.844 1.161 74.667 0.707 78.200
63  0.006 99.889 1.160 74.444 0.707 78.200
64  0.003 100.000 1.187 74.444 0.707 78.200
65  0.003 100.000 1.190 74.444 0.707 78.200
66  0.004 99.978 1.205 73.778 0.707 78.200
67  0.004 99.978 1.180 75.333 0.707 78.200
68  0.003 100.000 1.334 75.333 0.707 78.200
69  0.002 100.000 1.215 74.667 0.707 78.200
70  0.002 100.000 1.229 74.889 0.707 78.200
71  0.002 100.000 1.249 73.778 0.707 78.200
72  0.002 100.000 1.280 73.333 0.707 78.200
73  0.002 100.000 1.256 74.889 0.707 78.200
74  0.002 100.000 1.249 74.000 0.707 78.200
75  0.002 100.000 1.265 74.667 0.707 78.200
76  0.002 100.000 1.264 74.444 0.707 78.200
77  0.002 100.000 1.292 74.444 0.707 78.200
78  0.003 99.933 1.268 75.556 0.707 78.200
79  0.001 100.000 1.300 73.556 0.707 78.200
80  0.001 100.000 1.294 76.444 0.707 78.200
81  0.001 100.000 1.309 74.444 0.707 78.200
82  0.001 100.000 1.323 75.333 0.707 78.200
83  0.001 100.000 1.315 74.444 0.707 78.200
84  0.001 100.000 1.336 74.444 0.707 78.200
85  0.001 100.000 1.319 74.889 0.707 78.200
86  0.001 100.000 1.339 74.444 0.707 78.200
87  0.001 100.000 1.330 74.889 0.707 78.200
88  0.001 100.000 1.339 74.444 0.707 78.200
89  0.001 100.000 1.351 75.333 0.707 78.200
90  0.001 100.000 1.344 74.667 0.707 78.200
91  0.001 100.000 1.359 74.667 0.707 78.200
92  0.001 100.000 1.354 74.667 0.707 78.200
93  0.001 100.000 1.360 74.667 0.707 78.200
94  0.001 100.000 1.372 74.000 0.707 78.200
95  0.001 100.000 1.388 75.333 0.707 78.200
96  0.001 100.000 1.382 75.556 0.707 78.200
97  0.001 100.000 1.396 74.444 0.707 78.200
98  0.001 100.000 1.391 74.444 0.707 78.200
99  0.001 100.000 1.409 75.556 0.707 78.200
