0  1.810 41.422 1.479 52.667 1.467 54.000
1  1.241 63.578 1.169 64.444 1.149 64.900
2  0.982 71.822 1.004 68.889 0.981 70.600
3  0.831 75.089 0.958 68.222 0.981 70.600
4  0.726 78.533 0.856 73.556 0.813 74.600
5  0.639 81.156 0.835 73.333 0.813 74.600
6  0.566 83.511 0.803 75.778 0.778 74.700
7  0.514 85.511 0.787 74.444 0.778 74.700
8  0.462 86.956 0.852 72.222 0.778 74.700
9  0.419 88.644 0.743 75.111 0.778 74.700
10  0.386 89.489 0.769 73.778 0.778 74.700
11  0.346 90.911 0.727 74.667 0.778 74.700
12  0.317 92.222 0.725 75.778 0.665 77.500
13  0.292 92.933 0.763 76.444 0.734 74.600
14  0.266 93.578 0.732 75.111 0.734 74.600
15  0.242 94.578 0.738 74.889 0.734 74.600
16  0.218 95.578 0.760 74.444 0.734 74.600
17  0.204 96.000 0.789 74.444 0.734 74.600
18  0.187 96.489 0.755 76.222 0.734 74.600
19  0.168 97.333 0.755 74.444 0.734 74.600
20  0.154 97.422 0.765 74.222 0.734 74.600
21  0.140 98.133 0.768 73.333 0.734 74.600
22  0.127 98.289 0.752 75.556 0.734 74.600
23  0.117 98.533 0.885 73.556 0.734 74.600
24  0.109 98.844 0.773 76.667 0.706 77.200
25  0.096 98.911 0.859 73.333 0.706 77.200
26  0.089 99.267 0.792 73.778 0.706 77.200
27  0.078 99.378 0.843 73.778 0.706 77.200
28  0.077 99.422 0.795 74.889 0.706 77.200
29  0.069 99.644 0.862 73.778 0.706 77.200
30  0.063 99.689 0.897 74.000 0.706 77.200
31  0.060 99.622 0.828 75.333 0.706 77.200
32  0.053 99.667 0.855 73.333 0.706 77.200
33  0.048 99.800 0.866 73.778 0.706 77.200
34  0.044 99.822 0.936 74.444 0.706 77.200
35  0.045 99.644 0.858 75.333 0.706 77.200
36  0.035 100.000 0.931 73.111 0.706 77.200
37  0.036 99.778 0.895 74.222 0.706 77.200
38  0.035 99.778 0.964 73.111 0.706 77.200
39  0.030 99.889 0.934 72.444 0.706 77.200
40  0.030 99.844 0.922 75.778 0.706 77.200
41  0.026 99.867 1.017 72.222 0.706 77.200
42  0.025 99.933 0.914 74.444 0.706 77.200
43  0.023 99.933 0.942 74.222 0.706 77.200
44  0.022 99.911 1.015 74.444 0.706 77.200
45  0.021 99.889 0.966 74.222 0.706 77.200
46  0.018 99.911 0.977 75.111 0.706 77.200
47  0.021 99.756 1.001 74.444 0.706 77.200
48  0.016 99.911 1.008 74.444 0.706 77.200
49  0.016 100.000 1.064 75.333 0.706 77.200
50  0.013 99.933 0.989 74.667 0.706 77.200
51  0.016 99.844 1.050 73.333 0.706 77.200
52  0.012 100.000 1.043 74.889 0.706 77.200
53  0.011 100.000 1.044 74.222 0.706 77.200
54  0.011 100.000 1.051 75.333 0.706 77.200
55  0.011 99.933 1.037 75.333 0.706 77.200
56  0.010 100.000 1.054 74.889 0.706 77.200
57  0.012 99.822 1.035 74.889 0.706 77.200
58  0.009 100.000 1.059 74.667 0.706 77.200
59  0.008 99.978 1.078 74.444 0.706 77.200
60  0.008 100.000 1.106 73.778 0.706 77.200
61  0.009 99.889 1.104 74.000 0.706 77.200
62  0.007 99.978 1.094 74.667 0.706 77.200
63  0.006 100.000 1.110 74.889 0.706 77.200
64  0.007 100.000 1.127 74.667 0.706 77.200
65  0.008 99.867 1.108 74.667 0.706 77.200
66  0.005 100.000 1.122 74.889 0.706 77.200
67  0.006 99.978 1.126 74.667 0.706 77.200
68  0.007 99.911 1.136 74.000 0.706 77.200
69  0.005 100.000 1.159 74.889 0.706 77.200
70  0.006 99.956 1.153 74.667 0.706 77.200
71  0.007 99.889 1.145 74.444 0.706 77.200
72  0.004 99.978 1.159 75.556 0.706 77.200
73  0.004 100.000 1.193 74.667 0.706 77.200
74  0.004 100.000 1.206 74.000 0.706 77.200
75  0.004 100.000 1.198 75.111 0.706 77.200
76  0.005 99.933 1.209 74.222 0.706 77.200
77  0.003 100.000 1.189 74.222 0.706 77.200
78  0.003 100.000 1.413 72.889 0.706 77.200
79  0.003 100.000 1.247 74.222 0.706 77.200
80  0.004 99.956 1.248 75.333 0.706 77.200
81  0.003 100.000 1.238 75.111 0.706 77.200
82  0.004 99.978 1.239 75.333 0.706 77.200
83  0.003 100.000 1.295 74.222 0.706 77.200
84  0.003 100.000 1.226 74.667 0.706 77.200
85  0.006 99.844 1.258 74.222 0.706 77.200
86  0.003 100.000 1.248 74.667 0.706 77.200
87  0.002 100.000 1.237 75.111 0.706 77.200
88  0.002 100.000 1.268 75.667 0.706 77.200
89  0.002 100.000 1.265 74.667 0.706 77.200
90  0.002 100.000 1.287 74.000 0.706 77.200
91  0.002 100.000 1.288 75.222 0.706 77.200
92  0.002 100.000 1.294 74.889 0.706 77.200
93  0.003 99.956 1.275 75.333 0.706 77.200
94  0.002 99.978 1.294 74.444 0.706 77.200
95  0.002 100.000 1.288 74.222 0.706 77.200
96  0.002 100.000 1.298 74.222 0.706 77.200
97  0.001 100.000 1.308 75.111 0.706 77.200
98  0.002 100.000 1.304 75.333 0.706 77.200
99  0.001 100.000 1.327 75.657 0.706 77.200
