0  1.550 68.600 0.989 84.540 0.981 83.870
1  0.738 87.190 0.535 89.990 0.539 89.340
2  0.450 90.562 0.366 91.910 0.375 91.510
3  0.340 92.018 0.299 92.970 0.306 92.490
4  0.288 92.842 0.263 93.540 0.269 93.110
5  0.256 93.394 0.238 94.020 0.244 93.730
6  0.233 93.826 0.220 94.330 0.225 94.080
7  0.215 94.176 0.207 94.550 0.212 94.360
8  0.201 94.514 0.195 94.780 0.200 94.480
9  0.189 94.796 0.187 95.030 0.192 94.710
10  0.180 95.066 0.179 95.110 0.185 94.830
11  0.172 95.298 0.173 95.170 0.177 94.940
12  0.164 95.466 0.167 95.270 0.172 95.070
13  0.158 95.640 0.163 95.390 0.166 95.270
14  0.153 95.732 0.158 95.610 0.163 95.270
15  0.148 95.882 0.155 95.740 0.159 95.470
16  0.144 95.988 0.151 95.790 0.156 95.540
17  0.139 96.088 0.148 96.000 0.153 95.560
18  0.136 96.150 0.145 96.080 0.150 95.720
19  0.132 96.258 0.143 96.150 0.147 95.730
20  0.129 96.384 0.141 96.130 0.147 95.730
21  0.126 96.462 0.138 96.250 0.142 95.890
22  0.123 96.552 0.136 96.250 0.140 95.850
23  0.120 96.628 0.133 96.320 0.138 95.900
24  0.118 96.700 0.132 96.390 0.136 95.880
25  0.115 96.782 0.130 96.420 0.135 95.960
26  0.113 96.814 0.129 96.390 0.135 95.960
27  0.111 96.900 0.127 96.450 0.132 95.930
28  0.109 96.948 0.126 96.440 0.132 95.930
29  0.107 97.022 0.124 96.530 0.129 96.070
30  0.105 97.054 0.123 96.510 0.129 96.070
31  0.103 97.086 0.122 96.560 0.126 96.190
32  0.101 97.168 0.121 96.590 0.125 96.140
33  0.100 97.214 0.120 96.580 0.125 96.140
34  0.098 97.258 0.118 96.610 0.123 96.190
35  0.097 97.342 0.118 96.580 0.123 96.190
36  0.095 97.352 0.117 96.660 0.122 96.340
37  0.094 97.364 0.116 96.700 0.121 96.230
38  0.092 97.418 0.115 96.680 0.121 96.230
39  0.091 97.438 0.115 96.680 0.121 96.230
40  0.090 97.486 0.114 96.850 0.119 96.290
41  0.088 97.518 0.113 96.730 0.119 96.290
42  0.087 97.544 0.114 96.720 0.119 96.290
43  0.086 97.576 0.111 96.830 0.119 96.290
44  0.085 97.616 0.111 96.800 0.119 96.290
45  0.084 97.632 0.111 96.800 0.119 96.290
46  0.083 97.690 0.109 96.920 0.114 96.410
47  0.082 97.708 0.109 96.870 0.114 96.410
48  0.081 97.750 0.108 96.930 0.113 96.400
49  0.080 97.796 0.108 96.930 0.113 96.400
50  0.078 97.770 0.107 97.000 0.111 96.450
51  0.077 97.832 0.107 96.910 0.111 96.450
52  0.077 97.864 0.106 96.970 0.111 96.450
53  0.076 97.858 0.106 96.910 0.111 96.450
54  0.075 97.904 0.106 97.040 0.111 96.510
55  0.074 97.920 0.105 96.990 0.111 96.510
56  0.073 97.968 0.104 97.010 0.111 96.510
57  0.072 97.972 0.104 97.030 0.111 96.510
58  0.071 97.978 0.103 97.090 0.109 96.530
59  0.071 98.040 0.103 97.040 0.109 96.530
60  0.070 98.064 0.103 97.070 0.109 96.530
61  0.069 98.084 0.103 97.000 0.109 96.530
62  0.068 98.104 0.102 96.980 0.109 96.530
63  0.067 98.124 0.103 97.070 0.109 96.530
64  0.067 98.128 0.102 97.130 0.107 96.630
65  0.066 98.182 0.101 97.140 0.107 96.620
66  0.065 98.200 0.101 97.210 0.107 96.610
67  0.065 98.208 0.100 97.110 0.107 96.610
68  0.064 98.218 0.100 97.150 0.107 96.610
69  0.063 98.250 0.100 97.210 0.107 96.610
70  0.063 98.288 0.101 97.140 0.107 96.610
71  0.062 98.284 0.099 97.130 0.107 96.610
72  0.061 98.324 0.100 97.040 0.107 96.610
73  0.061 98.354 0.099 97.180 0.107 96.610
74  0.060 98.366 0.099 97.100 0.107 96.610
75  0.059 98.362 0.099 97.100 0.107 96.610
76  0.059 98.430 0.099 97.100 0.107 96.610
77  0.058 98.420 0.099 97.150 0.107 96.610
78  0.058 98.426 0.098 97.170 0.107 96.610
79  0.057 98.448 0.098 97.150 0.107 96.610
80  0.056 98.482 0.098 97.200 0.107 96.610
81  0.056 98.466 0.098 97.130 0.107 96.610
82  0.055 98.520 0.097 97.160 0.107 96.610
83  0.055 98.532 0.099 97.170 0.107 96.610
84  0.054 98.542 0.097 97.220 0.104 96.770
85  0.054 98.560 0.097 97.250 0.104 96.790
86  0.053 98.590 0.097 97.250 0.104 96.790
87  0.053 98.564 0.097 97.280 0.103 96.810
88  0.052 98.564 0.098 97.170 0.103 96.810
89  0.052 98.622 0.097 97.200 0.103 96.810
90  0.051 98.596 0.096 97.190 0.103 96.810
91  0.051 98.636 0.097 97.230 0.103 96.810
92  0.050 98.666 0.096 97.320 0.103 96.780
93  0.050 98.708 0.096 97.330 0.104 96.770
94  0.049 98.706 0.096 97.360 0.104 96.750
95  0.049 98.754 0.096 97.300 0.104 96.750
96  0.048 98.706 0.096 97.340 0.104 96.750
97  0.048 98.736 0.096 97.260 0.104 96.750
98  0.048 98.730 0.096 97.280 0.104 96.750
99  0.047 98.766 0.096 97.270 0.104 96.750
100  0.047 98.764 0.096 97.280 0.104 96.750
101  0.046 98.804 0.096 97.250 0.104 96.750
102  0.046 98.772 0.096 97.330 0.104 96.750
103  0.046 98.822 0.096 97.280 0.104 96.750
104  0.045 98.810 0.095 97.370 0.102 96.830
105  0.045 98.848 0.095 97.360 0.102 96.830
106  0.044 98.848 0.095 97.330 0.102 96.830
107  0.044 98.888 0.095 97.360 0.102 96.830
108  0.044 98.876 0.096 97.240 0.102 96.830
109  0.043 98.874 0.095 97.270 0.102 96.830
110  0.043 98.872 0.095 97.420 0.103 96.730
111  0.043 98.944 0.095 97.330 0.103 96.730
112  0.042 98.902 0.094 97.380 0.103 96.730
113  0.042 98.930 0.096 97.310 0.103 96.730
114  0.041 98.948 0.094 97.440 0.103 96.770
115  0.041 98.978 0.095 97.310 0.103 96.770
116  0.041 98.966 0.094 97.380 0.103 96.770
117  0.041 98.966 0.095 97.390 0.103 96.770
118  0.040 98.982 0.095 97.410 0.103 96.770
119  0.040 99.022 0.095 97.400 0.103 96.770
120  0.039 98.996 0.095 97.420 0.103 96.770
121  0.039 99.044 0.095 97.400 0.103 96.770
122  0.039 99.012 0.094 97.400 0.103 96.770
123  0.038 99.040 0.095 97.410 0.103 96.770
124  0.038 99.036 0.095 97.380 0.103 96.770
125  0.038 99.058 0.094 97.430 0.103 96.770
126  0.037 99.120 0.094 97.310 0.103 96.770
127  0.037 99.074 0.094 97.380 0.103 96.770
128  0.037 99.088 0.096 97.340 0.103 96.770
129  0.037 99.108 0.095 97.400 0.103 96.770
130  0.036 99.126 0.094 97.440 0.103 96.770
131  0.036 99.094 0.095 97.380 0.103 96.770
132  0.036 99.128 0.094 97.380 0.103 96.770
133  0.035 99.162 0.094 97.390 0.103 96.770
134  0.035 99.148 0.094 97.440 0.103 96.770
135  0.035 99.148 0.094 97.380 0.103 96.770
136  0.035 99.170 0.094 97.450 0.103 96.910
137  0.035 99.160 0.095 97.380 0.103 96.910
138  0.034 99.182 0.094 97.440 0.103 96.910
139  0.034 99.186 0.095 97.440 0.103 96.910
140  0.034 99.200 0.095 97.440 0.103 96.910
141  0.033 99.232 0.095 97.410 0.103 96.910
142  0.033 99.210 0.095 97.380 0.103 96.910
143  0.033 99.218 0.095 97.490 0.103 96.920
144  0.033 99.234 0.095 97.310 0.103 96.920
145  0.032 99.240 0.095 97.420 0.103 96.920
146  0.032 99.276 0.094 97.460 0.103 96.920
147  0.032 99.256 0.095 97.420 0.103 96.920
148  0.032 99.250 0.095 97.400 0.103 96.920
149  0.031 99.294 0.094 97.380 0.103 96.920
150  0.031 99.328 0.096 97.360 0.103 96.920
151  0.031 99.294 0.095 97.380 0.103 96.920
152  0.031 99.298 0.095 97.430 0.103 96.920
153  0.030 99.314 0.095 97.440 0.103 96.920
154  0.030 99.342 0.095 97.410 0.103 96.920
155  0.030 99.340 0.096 97.420 0.103 96.920
156  0.030 99.354 0.096 97.460 0.103 96.920
157  0.030 99.346 0.096 97.360 0.103 96.920
158  0.029 99.358 0.096 97.440 0.103 96.920
159  0.029 99.338 0.096 97.350 0.103 96.920
160  0.029 99.334 0.095 97.460 0.103 96.920
161  0.029 99.334 0.096 97.440 0.103 96.920
162  0.029 99.354 0.096 97.460 0.103 96.920
163  0.028 99.372 0.096 97.410 0.103 96.920
164  0.028 99.374 0.096 97.420 0.103 96.920
165  0.028 99.382 0.096 97.370 0.103 96.920
166  0.028 99.422 0.096 97.450 0.103 96.920
167  0.027 99.386 0.095 97.400 0.103 96.920
168  0.027 99.380 0.097 97.390 0.103 96.920
169  0.027 99.414 0.096 97.420 0.103 96.920
170  0.027 99.414 0.096 97.400 0.103 96.920
171  0.027 99.418 0.097 97.360 0.103 96.920
172  0.027 99.426 0.097 97.380 0.103 96.920
173  0.026 99.446 0.096 97.390 0.103 96.920
174  0.026 99.448 0.096 97.490 0.103 96.920
175  0.026 99.454 0.098 97.390 0.103 96.920
176  0.026 99.446 0.097 97.380 0.103 96.920
177  0.026 99.478 0.097 97.380 0.103 96.920
178  0.025 99.482 0.097 97.410 0.103 96.920
179  0.025 99.460 0.097 97.400 0.103 96.920
180  0.025 99.462 0.098 97.420 0.103 96.920
181  0.025 99.484 0.096 97.400 0.103 96.920
182  0.025 99.506 0.097 97.380 0.103 96.920
183  0.025 99.490 0.097 97.370 0.103 96.920
184  0.024 99.504 0.097 97.390 0.103 96.920
185  0.024 99.524 0.099 97.360 0.103 96.920
186  0.024 99.534 0.098 97.350 0.103 96.920
187  0.024 99.536 0.096 97.460 0.103 96.920
188  0.024 99.524 0.098 97.300 0.103 96.920
189  0.023 99.566 0.098 97.380 0.103 96.920
190  0.023 99.516 0.098 97.350 0.103 96.920
191  0.023 99.532 0.099 97.340 0.103 96.920
192  0.023 99.528 0.099 97.340 0.103 96.920
193  0.023 99.566 0.098 97.380 0.103 96.920
194  0.023 99.576 0.098 97.320 0.103 96.920
195  0.023 99.562 0.100 97.290 0.103 96.920
196  0.023 99.576 0.098 97.320 0.103 96.920
197  0.022 99.578 0.098 97.340 0.103 96.920
198  0.022 99.558 0.098 97.380 0.103 96.920
199  0.022 99.600 0.100 97.320 0.103 96.920
