0  1.215 79.598 0.615 91.510 0.613 91.300
1  0.459 93.064 0.346 93.760 0.351 93.270
2  0.301 94.366 0.260 94.510 0.268 94.180
3  0.239 95.016 0.220 95.030 0.228 94.730
4  0.205 95.404 0.195 95.460 0.203 94.940
5  0.183 95.704 0.180 95.660 0.187 95.190
6  0.168 95.872 0.169 95.890 0.175 95.370
7  0.156 96.034 0.161 95.960 0.167 95.440
8  0.147 96.220 0.154 96.130 0.159 95.610
9  0.140 96.376 0.149 96.210 0.153 95.750
10  0.134 96.500 0.145 96.280 0.148 95.830
11  0.128 96.640 0.141 96.420 0.144 96.010
12  0.124 96.704 0.138 96.420 0.144 96.010
13  0.120 96.796 0.134 96.460 0.137 96.140
14  0.116 96.874 0.132 96.590 0.134 96.210
15  0.112 96.990 0.129 96.650 0.131 96.260
16  0.109 97.020 0.127 96.660 0.129 96.350
17  0.106 97.124 0.125 96.750 0.127 96.360
18  0.104 97.192 0.124 96.720 0.127 96.360
19  0.101 97.260 0.122 96.770 0.123 96.470
20  0.099 97.292 0.120 96.790 0.121 96.510
21  0.097 97.386 0.119 96.850 0.119 96.550
22  0.094 97.388 0.118 96.910 0.117 96.500
23  0.092 97.480 0.116 96.840 0.117 96.500
24  0.091 97.504 0.115 96.950 0.115 96.680
25  0.089 97.564 0.114 96.880 0.115 96.680
26  0.087 97.592 0.112 96.980 0.112 96.620
27  0.085 97.642 0.111 97.060 0.111 96.740
28  0.084 97.690 0.110 97.010 0.111 96.740
29  0.082 97.706 0.109 97.110 0.108 96.800
30  0.081 97.770 0.108 97.110 0.108 96.810
31  0.079 97.794 0.107 97.050 0.108 96.810
32  0.078 97.824 0.106 97.140 0.106 96.850
33  0.077 97.870 0.105 97.140 0.104 96.900
34  0.075 97.916 0.105 97.230 0.105 96.890
35  0.074 97.926 0.104 97.140 0.105 96.890
36  0.073 97.924 0.103 97.250 0.103 96.960
37  0.072 97.970 0.102 97.250 0.103 96.960
38  0.070 98.028 0.102 97.290 0.101 97.050
39  0.069 98.070 0.101 97.230 0.101 97.050
40  0.068 98.068 0.100 97.280 0.101 97.050
41  0.067 98.128 0.100 97.270 0.101 97.050
42  0.066 98.154 0.099 97.260 0.101 97.050
43  0.065 98.178 0.099 97.260 0.101 97.050
44  0.064 98.186 0.098 97.310 0.096 97.110
45  0.064 98.218 0.097 97.310 0.096 97.110
46  0.063 98.284 0.097 97.320 0.096 97.150
47  0.062 98.308 0.096 97.340 0.095 97.220
48  0.061 98.336 0.095 97.400 0.094 97.160
49  0.060 98.342 0.096 97.280 0.094 97.160
50  0.059 98.386 0.095 97.400 0.093 97.180
51  0.058 98.398 0.095 97.330 0.093 97.180
52  0.058 98.436 0.094 97.360 0.093 97.180
53  0.057 98.470 0.094 97.420 0.092 97.200
54  0.056 98.478 0.093 97.430 0.092 97.250
55  0.056 98.494 0.093 97.430 0.092 97.250
56  0.055 98.542 0.092 97.410 0.092 97.250
57  0.054 98.528 0.092 97.420 0.092 97.250
58  0.053 98.558 0.092 97.370 0.092 97.250
59  0.053 98.594 0.092 97.390 0.092 97.250
60  0.052 98.608 0.091 97.450 0.089 97.340
61  0.052 98.622 0.091 97.490 0.089 97.330
62  0.051 98.622 0.091 97.470 0.089 97.330
63  0.050 98.672 0.091 97.440 0.089 97.330
64  0.050 98.704 0.091 97.440 0.089 97.330
65  0.049 98.690 0.091 97.480 0.089 97.330
66  0.049 98.698 0.089 97.480 0.089 97.330
67  0.048 98.734 0.090 97.500 0.088 97.340
68  0.048 98.772 0.089 97.460 0.088 97.340
69  0.047 98.736 0.090 97.580 0.087 97.370
70  0.047 98.794 0.089 97.480 0.087 97.370
71  0.046 98.796 0.088 97.540 0.087 97.370
72  0.046 98.824 0.088 97.530 0.087 97.370
73  0.045 98.846 0.089 97.550 0.087 97.370
74  0.045 98.836 0.088 97.510 0.087 97.370
75  0.044 98.884 0.089 97.510 0.087 97.370
76  0.044 98.878 0.088 97.510 0.087 97.370
77  0.043 98.920 0.088 97.560 0.087 97.370
78  0.043 98.904 0.088 97.510 0.087 97.370
79  0.042 98.930 0.088 97.570 0.087 97.370
80  0.042 98.938 0.087 97.520 0.087 97.370
81  0.041 98.944 0.087 97.640 0.083 97.530
82  0.041 98.970 0.088 97.600 0.083 97.530
83  0.041 98.998 0.086 97.580 0.083 97.530
84  0.040 98.990 0.087 97.620 0.083 97.530
85  0.040 98.998 0.087 97.530 0.083 97.530
86  0.039 99.008 0.086 97.600 0.083 97.530
87  0.039 99.014 0.086 97.590 0.083 97.530
88  0.038 99.024 0.086 97.600 0.083 97.530
89  0.038 99.046 0.086 97.630 0.083 97.530
90  0.038 99.044 0.086 97.650 0.083 97.560
91  0.037 99.092 0.086 97.650 0.083 97.560
92  0.037 99.074 0.085 97.700 0.083 97.490
93  0.037 99.100 0.086 97.590 0.083 97.490
94  0.036 99.102 0.086 97.670 0.083 97.490
95  0.036 99.108 0.085 97.750 0.082 97.580
96  0.036 99.128 0.085 97.590 0.082 97.580
97  0.035 99.118 0.085 97.700 0.082 97.580
98  0.035 99.122 0.085 97.700 0.082 97.580
99  0.035 99.172 0.085 97.610 0.082 97.580
100  0.034 99.168 0.085 97.590 0.082 97.580
101  0.034 99.168 0.085 97.640 0.082 97.580
102  0.034 99.174 0.085 97.650 0.082 97.580
103  0.033 99.222 0.085 97.650 0.082 97.580
104  0.033 99.192 0.085 97.670 0.082 97.580
105  0.033 99.212 0.085 97.640 0.082 97.580
106  0.032 99.230 0.085 97.640 0.082 97.580
107  0.032 99.216 0.085 97.680 0.082 97.580
108  0.032 99.248 0.085 97.610 0.082 97.580
109  0.031 99.240 0.085 97.610 0.082 97.580
110  0.031 99.282 0.085 97.620 0.082 97.580
111  0.031 99.286 0.085 97.590 0.082 97.580
112  0.031 99.294 0.085 97.600 0.082 97.580
113  0.030 99.314 0.085 97.560 0.082 97.580
114  0.030 99.296 0.085 97.670 0.082 97.580
115  0.030 99.302 0.084 97.630 0.082 97.580
116  0.029 99.324 0.085 97.630 0.082 97.580
117  0.029 99.322 0.084 97.630 0.082 97.580
118  0.029 99.334 0.085 97.640 0.082 97.580
119  0.029 99.354 0.084 97.590 0.082 97.580
120  0.028 99.352 0.084 97.610 0.082 97.580
121  0.028 99.380 0.084 97.640 0.082 97.580
122  0.028 99.386 0.085 97.660 0.082 97.580
123  0.028 99.396 0.084 97.620 0.082 97.580
124  0.028 99.406 0.085 97.640 0.082 97.580
125  0.027 99.408 0.084 97.600 0.082 97.580
126  0.027 99.410 0.085 97.730 0.082 97.580
127  0.027 99.432 0.085 97.590 0.082 97.580
128  0.027 99.434 0.086 97.600 0.082 97.580
129  0.026 99.448 0.085 97.670 0.082 97.580
130  0.026 99.452 0.085 97.680 0.082 97.580
131  0.026 99.482 0.085 97.630 0.082 97.580
132  0.026 99.494 0.085 97.660 0.082 97.580
133  0.025 99.496 0.086 97.640 0.082 97.580
134  0.025 99.476 0.085 97.640 0.082 97.580
135  0.025 99.502 0.085 97.590 0.082 97.580
136  0.025 99.500 0.085 97.680 0.082 97.580
137  0.025 99.508 0.085 97.610 0.082 97.580
138  0.024 99.494 0.085 97.660 0.082 97.580
139  0.024 99.534 0.085 97.600 0.082 97.580
140  0.024 99.552 0.085 97.680 0.082 97.580
141  0.024 99.550 0.085 97.600 0.082 97.580
142  0.024 99.578 0.085 97.630 0.082 97.580
143  0.023 99.530 0.086 97.670 0.082 97.580
144  0.023 99.564 0.085 97.680 0.082 97.580
145  0.023 99.592 0.085 97.660 0.082 97.580
146  0.023 99.598 0.085 97.640 0.082 97.580
147  0.023 99.588 0.085 97.640 0.082 97.580
148  0.022 99.600 0.085 97.630 0.082 97.580
149  0.022 99.620 0.086 97.560 0.082 97.580
150  0.022 99.600 0.085 97.700 0.082 97.580
151  0.022 99.616 0.086 97.630 0.082 97.580
152  0.022 99.612 0.086 97.630 0.082 97.580
153  0.022 99.616 0.086 97.670 0.082 97.580
154  0.021 99.624 0.086 97.620 0.082 97.580
155  0.021 99.624 0.086 97.610 0.082 97.580
156  0.021 99.634 0.086 97.620 0.082 97.580
157  0.021 99.654 0.086 97.620 0.082 97.580
158  0.021 99.654 0.086 97.620 0.082 97.580
159  0.021 99.656 0.087 97.590 0.082 97.580
160  0.020 99.644 0.086 97.690 0.082 97.580
161  0.020 99.664 0.086 97.690 0.082 97.580
162  0.020 99.674 0.086 97.660 0.082 97.580
163  0.020 99.670 0.087 97.670 0.082 97.580
164  0.020 99.668 0.086 97.630 0.082 97.580
165  0.020 99.676 0.087 97.710 0.082 97.580
166  0.019 99.678 0.086 97.630 0.082 97.580
167  0.019 99.688 0.086 97.590 0.082 97.580
168  0.019 99.680 0.086 97.660 0.082 97.580
169  0.019 99.690 0.086 97.570 0.082 97.580
170  0.019 99.706 0.086 97.670 0.082 97.580
171  0.019 99.718 0.086 97.590 0.082 97.580
172  0.019 99.702 0.087 97.570 0.082 97.580
173  0.019 99.706 0.087 97.650 0.082 97.580
174  0.018 99.702 0.087 97.670 0.082 97.580
175  0.018 99.702 0.087 97.580 0.082 97.580
176  0.018 99.714 0.087 97.650 0.082 97.580
177  0.018 99.710 0.087 97.630 0.082 97.580
178  0.018 99.704 0.087 97.650 0.082 97.580
179  0.018 99.736 0.086 97.620 0.082 97.580
180  0.018 99.730 0.087 97.570 0.082 97.580
181  0.017 99.736 0.088 97.620 0.082 97.580
182  0.017 99.736 0.088 97.630 0.082 97.580
183  0.017 99.724 0.087 97.640 0.082 97.580
184  0.017 99.736 0.087 97.630 0.082 97.580
185  0.017 99.748 0.089 97.690 0.082 97.580
186  0.017 99.744 0.088 97.680 0.082 97.580
187  0.017 99.754 0.088 97.640 0.082 97.580
188  0.017 99.760 0.088 97.660 0.082 97.580
189  0.017 99.770 0.088 97.640 0.082 97.580
190  0.016 99.768 0.088 97.600 0.082 97.580
191  0.016 99.780 0.088 97.600 0.082 97.580
192  0.016 99.764 0.088 97.650 0.082 97.580
193  0.016 99.780 0.088 97.640 0.082 97.580
194  0.016 99.774 0.090 97.610 0.082 97.580
195  0.016 99.786 0.088 97.630 0.082 97.580
196  0.016 99.784 0.088 97.620 0.082 97.580
197  0.016 99.778 0.088 97.570 0.082 97.580
198  0.015 99.778 0.088 97.580 0.082 97.580
199  0.015 99.796 0.089 97.650 0.082 97.580
