0  1.450 68.976 0.936 82.090 0.926 82.250
1  0.755 85.460 0.607 87.920 0.604 87.870
2  0.516 89.670 0.426 91.080 0.428 90.670
3  0.380 91.714 0.329 92.500 0.333 92.090
4  0.307 92.830 0.277 93.260 0.282 92.890
5  0.265 93.576 0.246 93.700 0.251 93.410
6  0.237 93.914 0.224 94.070 0.230 93.780
7  0.216 94.304 0.210 94.400 0.213 94.220
8  0.201 94.660 0.198 94.510 0.201 94.460
9  0.190 94.922 0.189 94.830 0.193 94.590
10  0.180 95.056 0.181 94.900 0.185 94.860
11  0.172 95.260 0.175 95.070 0.179 94.950
12  0.165 95.488 0.170 95.200 0.174 95.050
13  0.159 95.570 0.165 95.340 0.169 95.220
14  0.154 95.690 0.160 95.490 0.164 95.370
15  0.149 95.800 0.157 95.590 0.161 95.390
16  0.145 95.944 0.154 95.710 0.158 95.630
17  0.141 96.024 0.151 95.830 0.154 95.620
18  0.137 96.114 0.148 95.930 0.152 95.660
19  0.134 96.220 0.145 95.880 0.152 95.660
20  0.131 96.308 0.143 95.890 0.152 95.660
21  0.128 96.376 0.141 96.000 0.144 95.840
22  0.125 96.448 0.140 96.090 0.143 95.800
23  0.122 96.496 0.137 96.130 0.141 95.820
24  0.120 96.560 0.136 96.100 0.141 95.820
25  0.118 96.636 0.134 96.260 0.138 96.040
26  0.116 96.672 0.132 96.260 0.138 96.040
27  0.114 96.768 0.131 96.340 0.135 96.080
28  0.112 96.766 0.131 96.280 0.135 96.080
29  0.110 96.850 0.129 96.340 0.132 96.080
30  0.108 96.866 0.127 96.320 0.132 96.080
31  0.107 96.898 0.127 96.380 0.129 96.220
32  0.105 96.982 0.125 96.510 0.129 96.160
33  0.103 97.002 0.124 96.450 0.129 96.160
34  0.102 97.064 0.123 96.460 0.129 96.160
35  0.101 97.092 0.122 96.530 0.125 96.310
36  0.099 97.124 0.121 96.620 0.125 96.380
37  0.098 97.182 0.121 96.460 0.125 96.380
38  0.097 97.206 0.120 96.560 0.125 96.380
39  0.096 97.262 0.119 96.610 0.125 96.380
40  0.095 97.282 0.119 96.590 0.125 96.380
41  0.094 97.302 0.118 96.670 0.121 96.530
42  0.092 97.334 0.118 96.640 0.121 96.530
43  0.091 97.368 0.117 96.620 0.121 96.530
44  0.090 97.412 0.116 96.660 0.121 96.530
45  0.089 97.440 0.116 96.710 0.119 96.520
46  0.088 97.480 0.115 96.710 0.119 96.520
47  0.087 97.530 0.114 96.760 0.117 96.610
48  0.086 97.526 0.114 96.720 0.117 96.610
49  0.085 97.556 0.113 96.750 0.117 96.610
50  0.085 97.588 0.112 96.740 0.117 96.610
51  0.084 97.616 0.113 96.810 0.116 96.640
52  0.083 97.644 0.113 96.860 0.116 96.670
53  0.082 97.668 0.112 96.840 0.116 96.670
54  0.081 97.680 0.111 96.830 0.116 96.670
55  0.080 97.712 0.111 96.800 0.116 96.670
56  0.080 97.718 0.110 96.790 0.116 96.670
57  0.079 97.728 0.111 96.800 0.116 96.670
58  0.078 97.744 0.110 96.850 0.116 96.670
59  0.078 97.776 0.110 96.850 0.116 96.670
60  0.077 97.848 0.109 96.890 0.112 96.710
61  0.076 97.826 0.109 96.830 0.112 96.710
62  0.076 97.846 0.109 96.870 0.112 96.710
63  0.075 97.864 0.109 96.880 0.112 96.710
64  0.075 97.888 0.109 96.840 0.112 96.710
65  0.074 97.938 0.109 96.810 0.112 96.710
66  0.073 97.932 0.108 96.850 0.112 96.710
67  0.073 97.942 0.108 96.810 0.112 96.710
68  0.072 97.948 0.108 96.910 0.110 96.760
69  0.071 98.000 0.108 96.860 0.110 96.760
70  0.071 98.002 0.107 96.890 0.110 96.760
71  0.070 98.058 0.107 96.960 0.109 96.860
72  0.070 98.070 0.107 96.960 0.109 96.890
73  0.069 98.028 0.107 96.880 0.109 96.890
74  0.069 98.118 0.106 96.880 0.109 96.890
75  0.068 98.098 0.107 96.840 0.109 96.890
76  0.068 98.098 0.107 96.910 0.109 96.890
77  0.067 98.112 0.106 96.900 0.109 96.890
78  0.067 98.118 0.107 96.900 0.109 96.890
79  0.066 98.148 0.105 96.940 0.109 96.890
80  0.066 98.176 0.106 96.960 0.109 96.890
81  0.065 98.224 0.106 96.940 0.109 96.890
82  0.065 98.220 0.106 96.930 0.109 96.890
83  0.064 98.210 0.105 97.020 0.106 96.990
84  0.064 98.226 0.105 97.000 0.106 96.990
85  0.063 98.252 0.106 96.990 0.106 96.990
86  0.063 98.242 0.105 96.960 0.106 96.990
87  0.062 98.312 0.105 97.030 0.105 96.930
88  0.062 98.278 0.106 97.020 0.105 96.930
89  0.061 98.318 0.105 96.960 0.105 96.930
90  0.061 98.320 0.105 97.020 0.105 96.930
91  0.061 98.330 0.105 96.990 0.105 96.930
92  0.061 98.350 0.105 97.040 0.105 97.020
93  0.060 98.342 0.105 96.960 0.105 97.020
94  0.059 98.346 0.104 96.990 0.105 97.020
95  0.059 98.378 0.105 97.000 0.105 97.020
96  0.059 98.396 0.105 97.020 0.105 97.020
97  0.058 98.390 0.105 96.980 0.105 97.020
98  0.058 98.406 0.104 96.990 0.105 97.020
99  0.058 98.438 0.105 96.980 0.105 97.020
100  0.057 98.442 0.105 96.980 0.105 97.020
101  0.057 98.452 0.105 96.950 0.105 97.020
102  0.057 98.456 0.105 96.970 0.105 97.020
103  0.056 98.448 0.105 96.950 0.105 97.020
104  0.056 98.448 0.105 97.010 0.105 97.020
105  0.056 98.456 0.105 97.020 0.105 97.020
106  0.055 98.502 0.105 96.940 0.105 97.020
107  0.055 98.502 0.105 97.030 0.105 97.020
108  0.054 98.500 0.105 97.000 0.105 97.020
109  0.054 98.508 0.105 96.940 0.105 97.020
110  0.054 98.524 0.104 96.950 0.105 97.020
111  0.054 98.498 0.104 96.970 0.105 97.020
112  0.053 98.548 0.104 96.930 0.105 97.020
113  0.053 98.566 0.105 97.020 0.105 97.020
114  0.053 98.530 0.104 96.970 0.105 97.020
115  0.053 98.534 0.105 97.070 0.104 97.060
116  0.052 98.550 0.104 97.030 0.104 97.060
117  0.052 98.586 0.105 97.000 0.104 97.060
118  0.051 98.572 0.105 96.960 0.104 97.060
119  0.051 98.570 0.105 96.970 0.104 97.060
120  0.051 98.606 0.105 97.000 0.104 97.060
121  0.051 98.592 0.105 96.980 0.104 97.060
122  0.050 98.608 0.105 96.910 0.104 97.060
123  0.050 98.604 0.105 96.950 0.104 97.060
124  0.050 98.634 0.105 96.990 0.104 97.060
125  0.050 98.632 0.104 96.920 0.104 97.060
126  0.049 98.660 0.105 96.980 0.104 97.060
127  0.049 98.660 0.106 97.000 0.104 97.060
128  0.049 98.644 0.105 96.960 0.104 97.060
129  0.049 98.644 0.105 97.030 0.104 97.060
130  0.048 98.640 0.106 96.930 0.104 97.060
131  0.048 98.700 0.105 96.950 0.104 97.060
132  0.048 98.674 0.105 96.920 0.104 97.060
133  0.048 98.666 0.105 96.960 0.104 97.060
134  0.047 98.728 0.105 96.920 0.104 97.060
135  0.047 98.750 0.106 96.950 0.104 97.060
136  0.047 98.724 0.105 96.940 0.104 97.060
137  0.047 98.722 0.106 96.930 0.104 97.060
138  0.046 98.742 0.105 96.920 0.104 97.060
139  0.046 98.758 0.106 96.970 0.104 97.060
140  0.046 98.754 0.106 96.980 0.104 97.060
141  0.046 98.748 0.105 96.960 0.104 97.060
142  0.045 98.760 0.106 96.960 0.104 97.060
143  0.045 98.756 0.106 96.930 0.104 97.060
144  0.045 98.772 0.107 96.880 0.104 97.060
145  0.045 98.776 0.107 96.910 0.104 97.060
146  0.045 98.792 0.106 96.920 0.104 97.060
147  0.045 98.780 0.106 96.920 0.104 97.060
148  0.044 98.814 0.107 96.940 0.104 97.060
149  0.044 98.846 0.108 96.950 0.104 97.060
150  0.044 98.844 0.107 96.860 0.104 97.060
151  0.044 98.838 0.107 96.910 0.104 97.060
152  0.043 98.832 0.107 96.830 0.104 97.060
153  0.043 98.826 0.108 96.940 0.104 97.060
154  0.043 98.864 0.107 96.940 0.104 97.060
155  0.043 98.872 0.107 96.890 0.104 97.060
156  0.043 98.836 0.108 96.900 0.104 97.060
157  0.042 98.866 0.107 96.880 0.104 97.060
158  0.042 98.870 0.107 96.860 0.104 97.060
159  0.042 98.878 0.108 96.810 0.104 97.060
160  0.042 98.874 0.107 96.870 0.104 97.060
161  0.042 98.900 0.108 96.810 0.104 97.060
162  0.042 98.904 0.108 96.860 0.104 97.060
163  0.041 98.920 0.108 96.900 0.104 97.060
164  0.041 98.920 0.108 96.830 0.104 97.060
165  0.041 98.902 0.108 96.860 0.104 97.060
166  0.041 98.954 0.108 96.880 0.104 97.060
167  0.041 98.928 0.107 96.860 0.104 97.060
168  0.041 98.942 0.109 96.890 0.104 97.060
169  0.040 98.958 0.108 96.880 0.104 97.060
170  0.040 98.940 0.109 96.880 0.104 97.060
171  0.040 98.948 0.108 96.860 0.104 97.060
172  0.040 98.974 0.108 96.810 0.104 97.060
173  0.040 98.986 0.110 96.920 0.104 97.060
174  0.039 98.986 0.109 96.810 0.104 97.060
175  0.039 99.006 0.109 96.810 0.104 97.060
176  0.039 98.982 0.109 96.780 0.104 97.060
177  0.039 98.986 0.108 96.830 0.104 97.060
178  0.039 98.974 0.110 96.860 0.104 97.060
179  0.039 99.022 0.110 96.870 0.104 97.060
180  0.039 99.012 0.109 96.800 0.104 97.060
181  0.038 99.010 0.109 96.880 0.104 97.060
182  0.038 99.046 0.110 96.800 0.104 97.060
183  0.038 99.062 0.111 96.780 0.104 97.060
184  0.038 99.058 0.110 96.790 0.104 97.060
185  0.038 99.036 0.110 96.830 0.104 97.060
186  0.037 99.062 0.110 96.830 0.104 97.060
187  0.037 99.060 0.110 96.830 0.104 97.060
188  0.037 99.068 0.110 96.810 0.104 97.060
189  0.037 99.052 0.110 96.750 0.104 97.060
190  0.037 99.056 0.110 96.780 0.104 97.060
191  0.037 99.104 0.111 96.720 0.104 97.060
192  0.037 99.108 0.110 96.840 0.104 97.060
193  0.037 99.068 0.111 96.800 0.104 97.060
194  0.036 99.070 0.110 96.800 0.104 97.060
195  0.036 99.086 0.111 96.790 0.104 97.060
196  0.036 99.094 0.112 96.860 0.104 97.060
197  0.036 99.102 0.112 96.840 0.104 97.060
198  0.036 99.108 0.113 96.800 0.104 97.060
199  0.036 99.112 0.112 96.860 0.104 97.060
