0  1.274 75.346 0.722 87.770 0.712 87.980
1  0.578 89.510 0.459 91.120 0.459 90.960
2  0.404 91.914 0.344 92.790 0.349 92.430
3  0.316 93.202 0.282 93.790 0.288 93.380
4  0.267 93.832 0.245 94.230 0.253 93.830
5  0.236 94.274 0.223 94.470 0.231 94.130
6  0.216 94.626 0.207 94.740 0.215 94.390
7  0.200 94.910 0.196 94.820 0.203 94.600
8  0.188 95.186 0.185 95.150 0.192 94.700
9  0.177 95.396 0.177 95.290 0.185 94.830
10  0.168 95.592 0.170 95.370 0.177 95.040
11  0.160 95.784 0.164 95.620 0.172 95.180
12  0.152 95.962 0.159 95.610 0.172 95.180
13  0.146 96.096 0.153 95.810 0.161 95.430
14  0.141 96.232 0.149 95.870 0.157 95.590
15  0.136 96.300 0.147 95.850 0.157 95.590
16  0.132 96.438 0.143 95.970 0.150 95.770
17  0.128 96.522 0.140 96.030 0.147 95.840
18  0.124 96.622 0.138 96.060 0.145 95.770
19  0.121 96.680 0.135 96.260 0.141 95.990
20  0.118 96.776 0.133 96.290 0.139 96.020
21  0.115 96.878 0.131 96.220 0.139 96.020
22  0.112 96.908 0.130 96.220 0.139 96.020
23  0.110 96.950 0.127 96.400 0.133 96.140
24  0.107 97.022 0.125 96.400 0.133 96.140
25  0.105 97.066 0.124 96.500 0.129 96.270
26  0.103 97.110 0.122 96.540 0.127 96.420
27  0.101 97.196 0.121 96.540 0.127 96.420
28  0.099 97.226 0.120 96.570 0.125 96.380
29  0.097 97.314 0.118 96.640 0.123 96.450
30  0.095 97.368 0.117 96.660 0.122 96.480
31  0.093 97.376 0.116 96.710 0.121 96.570
32  0.092 97.416 0.115 96.740 0.119 96.590
33  0.090 97.520 0.114 96.760 0.118 96.540
34  0.089 97.524 0.113 96.760 0.117 96.620
35  0.087 97.588 0.112 96.800 0.116 96.680
36  0.086 97.618 0.111 96.840 0.115 96.750
37  0.085 97.646 0.111 96.800 0.115 96.750
38  0.083 97.672 0.110 96.830 0.115 96.750
39  0.082 97.732 0.109 96.860 0.112 96.790
40  0.081 97.786 0.108 96.860 0.112 96.790
41  0.080 97.794 0.107 96.900 0.110 96.800
42  0.078 97.848 0.108 96.850 0.110 96.800
43  0.077 97.834 0.106 96.920 0.109 96.820
44  0.076 97.898 0.106 96.920 0.109 96.820
45  0.075 97.920 0.105 96.910 0.109 96.820
46  0.074 97.946 0.104 96.940 0.107 96.860
47  0.073 97.948 0.105 96.970 0.107 96.980
48  0.072 98.022 0.104 96.960 0.107 96.980
49  0.072 98.032 0.103 96.950 0.107 96.980
50  0.071 98.038 0.103 96.960 0.107 96.980
51  0.070 98.060 0.102 97.030 0.104 96.980
52  0.069 98.078 0.103 97.010 0.104 96.980
53  0.069 98.122 0.102 96.980 0.104 96.980
54  0.068 98.138 0.102 97.010 0.104 96.980
55  0.067 98.144 0.102 97.030 0.104 96.980
56  0.066 98.172 0.101 97.040 0.102 97.060
57  0.066 98.174 0.102 96.980 0.102 97.060
58  0.065 98.216 0.100 97.140 0.101 97.080
59  0.064 98.216 0.101 97.010 0.101 97.080
60  0.064 98.228 0.100 97.080 0.101 97.080
61  0.063 98.256 0.100 97.130 0.101 97.080
62  0.063 98.250 0.099 97.120 0.101 97.080
63  0.062 98.282 0.099 97.100 0.101 97.080
64  0.062 98.282 0.099 97.130 0.101 97.080
65  0.061 98.318 0.099 97.080 0.101 97.080
66  0.060 98.294 0.099 97.080 0.101 97.080
67  0.060 98.328 0.099 97.140 0.101 97.080
68  0.059 98.312 0.098 97.110 0.101 97.080
69  0.059 98.320 0.098 97.120 0.101 97.080
70  0.058 98.382 0.098 97.180 0.099 97.130
71  0.058 98.390 0.098 97.120 0.099 97.130
72  0.057 98.398 0.097 97.200 0.098 97.190
73  0.057 98.390 0.098 97.180 0.098 97.190
74  0.056 98.436 0.098 97.180 0.098 97.190
75  0.056 98.428 0.098 97.140 0.098 97.190
76  0.056 98.432 0.098 97.090 0.098 97.190
77  0.055 98.452 0.097 97.160 0.098 97.190
78  0.055 98.506 0.099 97.100 0.098 97.190
79  0.054 98.450 0.097 97.160 0.098 97.190
80  0.054 98.488 0.097 97.110 0.098 97.190
81  0.054 98.502 0.097 97.190 0.098 97.190
82  0.053 98.516 0.097 97.120 0.098 97.190
83  0.053 98.522 0.097 97.160 0.098 97.190
84  0.052 98.516 0.097 97.160 0.098 97.190
85  0.052 98.524 0.098 97.180 0.098 97.190
86  0.052 98.550 0.097 97.200 0.098 97.190
87  0.051 98.564 0.096 97.260 0.096 97.260
88  0.051 98.530 0.097 97.240 0.096 97.260
89  0.051 98.570 0.096 97.210 0.096 97.260
90  0.050 98.582 0.097 97.240 0.096 97.260
91  0.050 98.590 0.096 97.210 0.096 97.260
92  0.050 98.616 0.096 97.280 0.095 97.300
93  0.049 98.606 0.096 97.190 0.095 97.300
94  0.049 98.640 0.098 97.240 0.095 97.300
95  0.049 98.636 0.096 97.230 0.095 97.300
96  0.049 98.628 0.097 97.240 0.095 97.300
97  0.048 98.674 0.096 97.170 0.095 97.300
98  0.048 98.640 0.096 97.170 0.095 97.300
99  0.048 98.654 0.097 97.240 0.095 97.300
100  0.047 98.696 0.097 97.130 0.095 97.300
101  0.047 98.726 0.096 97.190 0.095 97.300
102  0.047 98.700 0.097 97.180 0.095 97.300
103  0.046 98.698 0.098 97.230 0.095 97.300
104  0.046 98.728 0.097 97.190 0.095 97.300
105  0.046 98.740 0.096 97.250 0.095 97.300
106  0.046 98.718 0.097 97.270 0.095 97.300
107  0.046 98.740 0.097 97.220 0.095 97.300
108  0.045 98.816 0.097 97.270 0.095 97.300
109  0.045 98.774 0.097 97.230 0.095 97.300
110  0.045 98.750 0.097 97.220 0.095 97.300
111  0.044 98.788 0.097 97.220 0.095 97.300
112  0.044 98.808 0.096 97.220 0.095 97.300
113  0.044 98.808 0.098 97.200 0.095 97.300
114  0.044 98.812 0.096 97.250 0.095 97.300
115  0.043 98.806 0.097 97.190 0.095 97.300
116  0.043 98.836 0.097 97.270 0.095 97.300
117  0.043 98.846 0.096 97.260 0.095 97.300
118  0.043 98.866 0.097 97.250 0.095 97.300
119  0.043 98.850 0.098 97.230 0.095 97.300
120  0.042 98.846 0.097 97.300 0.095 97.390
121  0.042 98.884 0.097 97.290 0.095 97.390
122  0.042 98.876 0.097 97.320 0.094 97.350
123  0.042 98.874 0.097 97.220 0.094 97.350
124  0.041 98.890 0.098 97.230 0.094 97.350
125  0.041 98.882 0.097 97.260 0.094 97.350
126  0.041 98.908 0.097 97.300 0.094 97.350
127  0.041 98.906 0.098 97.200 0.094 97.350
128  0.041 98.912 0.097 97.330 0.094 97.400
129  0.040 98.920 0.097 97.250 0.094 97.400
130  0.040 98.928 0.097 97.280 0.094 97.400
131  0.040 98.932 0.098 97.250 0.094 97.400
132  0.040 98.972 0.097 97.300 0.094 97.400
133  0.040 98.956 0.098 97.280 0.094 97.400
134  0.039 98.944 0.098 97.220 0.094 97.400
135  0.039 98.968 0.098 97.270 0.094 97.400
136  0.039 98.972 0.097 97.300 0.094 97.400
137  0.039 98.978 0.098 97.230 0.094 97.400
138  0.038 98.978 0.098 97.270 0.094 97.400
139  0.038 99.012 0.098 97.310 0.094 97.400
140  0.038 98.990 0.098 97.260 0.094 97.400
141  0.038 99.006 0.097 97.260 0.094 97.400
142  0.038 99.012 0.098 97.270 0.094 97.400
143  0.038 99.028 0.098 97.300 0.094 97.400
144  0.038 98.998 0.098 97.270 0.094 97.400
145  0.037 99.020 0.098 97.250 0.094 97.400
146  0.037 99.030 0.098 97.280 0.094 97.400
147  0.037 99.036 0.099 97.300 0.094 97.400
148  0.037 99.026 0.099 97.280 0.094 97.400
149  0.037 99.040 0.098 97.300 0.094 97.400
150  0.036 99.060 0.098 97.250 0.094 97.400
151  0.036 99.058 0.099 97.300 0.094 97.400
152  0.036 99.056 0.099 97.300 0.094 97.400
153  0.036 99.054 0.099 97.330 0.094 97.400
154  0.036 99.080 0.100 97.220 0.094 97.400
155  0.036 99.104 0.099 97.320 0.094 97.400
156  0.036 99.064 0.099 97.330 0.094 97.400
157  0.035 99.076 0.099 97.350 0.095 97.440
158  0.035 99.078 0.099 97.350 0.094 97.480
159  0.035 99.086 0.099 97.290 0.094 97.480
160  0.035 99.092 0.099 97.350 0.094 97.480
161  0.035 99.108 0.100 97.320 0.094 97.480
162  0.035 99.116 0.099 97.270 0.094 97.480
163  0.035 99.080 0.099 97.310 0.094 97.480
164  0.034 99.110 0.099 97.310 0.094 97.480
165  0.034 99.114 0.100 97.280 0.094 97.480
166  0.034 99.114 0.099 97.300 0.094 97.480
167  0.034 99.118 0.099 97.340 0.094 97.480
168  0.034 99.140 0.100 97.320 0.094 97.480
169  0.034 99.146 0.100 97.260 0.094 97.480
170  0.034 99.120 0.100 97.280 0.094 97.480
171  0.033 99.156 0.100 97.350 0.094 97.480
172  0.033 99.156 0.101 97.270 0.094 97.480
173  0.033 99.162 0.102 97.220 0.094 97.480
174  0.033 99.176 0.101 97.310 0.094 97.480
175  0.033 99.200 0.100 97.340 0.094 97.480
176  0.033 99.174 0.101 97.310 0.094 97.480
177  0.033 99.186 0.101 97.260 0.094 97.480
178  0.033 99.172 0.101 97.270 0.094 97.480
179  0.032 99.174 0.100 97.270 0.094 97.480
180  0.032 99.204 0.101 97.280 0.094 97.480
181  0.032 99.180 0.101 97.300 0.094 97.480
182  0.032 99.192 0.101 97.240 0.094 97.480
183  0.032 99.182 0.102 97.250 0.094 97.480
184  0.032 99.192 0.101 97.300 0.094 97.480
185  0.032 99.218 0.102 97.260 0.094 97.480
186  0.031 99.248 0.102 97.300 0.094 97.480
187  0.031 99.220 0.102 97.250 0.094 97.480
188  0.031 99.210 0.102 97.330 0.094 97.480
189  0.031 99.232 0.102 97.270 0.094 97.480
190  0.031 99.216 0.102 97.260 0.094 97.480
191  0.031 99.248 0.102 97.230 0.094 97.480
192  0.031 99.246 0.102 97.260 0.094 97.480
193  0.031 99.234 0.102 97.270 0.094 97.480
194  0.031 99.224 0.102 97.260 0.094 97.480
195  0.030 99.264 0.102 97.260 0.094 97.480
196  0.030 99.250 0.104 97.220 0.094 97.480
197  0.030 99.272 0.105 97.180 0.094 97.480
198  0.030 99.240 0.103 97.290 0.094 97.480
199  0.030 99.276 0.103 97.330 0.094 97.480
