0  1.404 69.664 0.809 87.290 0.815 86.870
1  0.591 89.648 0.415 91.860 0.428 91.250
2  0.362 92.088 0.296 93.290 0.310 92.740
3  0.283 93.106 0.250 93.820 0.263 93.420
4  0.245 93.672 0.224 94.200 0.236 93.950
5  0.221 94.172 0.206 94.730 0.217 94.340
6  0.203 94.528 0.193 95.020 0.204 94.650
7  0.190 94.868 0.183 95.140 0.192 94.880
8  0.178 95.090 0.173 95.540 0.183 95.110
9  0.169 95.316 0.165 95.580 0.176 95.200
10  0.161 95.540 0.161 95.720 0.170 95.220
11  0.153 95.724 0.154 95.920 0.163 95.470
12  0.147 95.870 0.148 96.040 0.158 95.520
13  0.141 96.076 0.144 96.130 0.153 95.640
14  0.136 96.192 0.140 96.280 0.149 95.750
15  0.131 96.358 0.136 96.400 0.145 95.830
16  0.127 96.414 0.133 96.420 0.142 95.880
17  0.122 96.514 0.130 96.470 0.138 95.980
18  0.119 96.664 0.127 96.560 0.135 95.990
19  0.115 96.760 0.124 96.620 0.132 95.990
20  0.112 96.836 0.123 96.600 0.132 95.990
21  0.108 96.904 0.120 96.760 0.128 96.210
22  0.106 96.980 0.119 96.760 0.128 96.210
23  0.103 97.048 0.117 96.830 0.124 96.350
24  0.100 97.146 0.115 96.910 0.121 96.430
25  0.098 97.200 0.113 96.910 0.121 96.430
26  0.096 97.270 0.111 96.940 0.118 96.540
27  0.093 97.358 0.110 96.990 0.116 96.500
28  0.091 97.434 0.109 96.940 0.116 96.500
29  0.089 97.496 0.107 97.100 0.115 96.550
30  0.087 97.548 0.106 97.090 0.115 96.550
31  0.085 97.608 0.105 97.050 0.115 96.550
32  0.084 97.644 0.105 96.980 0.115 96.550
33  0.082 97.644 0.104 97.130 0.110 96.690
34  0.080 97.710 0.104 97.130 0.110 96.690
35  0.079 97.798 0.102 97.170 0.107 96.700
36  0.078 97.818 0.101 97.220 0.107 96.750
37  0.076 97.862 0.100 97.270 0.107 96.820
38  0.075 97.924 0.099 97.270 0.105 96.780
39  0.073 97.926 0.099 97.210 0.105 96.780
40  0.072 97.982 0.098 97.310 0.104 96.850
41  0.071 98.054 0.098 97.280 0.104 96.850
42  0.070 98.090 0.097 97.250 0.104 96.850
43  0.069 98.056 0.096 97.290 0.104 96.850
44  0.068 98.088 0.095 97.360 0.101 96.830
45  0.067 98.128 0.096 97.320 0.101 96.830
46  0.065 98.178 0.094 97.350 0.101 96.830
47  0.064 98.212 0.094 97.390 0.100 96.900
48  0.063 98.252 0.093 97.410 0.098 96.960
49  0.063 98.296 0.093 97.330 0.098 96.960
50  0.061 98.298 0.093 97.380 0.098 96.960
51  0.061 98.330 0.092 97.410 0.098 96.960
52  0.060 98.368 0.093 97.400 0.098 96.960
53  0.059 98.364 0.091 97.440 0.096 96.960
54  0.058 98.392 0.091 97.400 0.096 96.960
55  0.057 98.416 0.091 97.470 0.096 97.030
56  0.056 98.424 0.091 97.390 0.096 97.030
57  0.056 98.456 0.090 97.390 0.096 97.030
58  0.055 98.504 0.091 97.430 0.096 97.030
59  0.054 98.534 0.090 97.410 0.096 97.030
60  0.053 98.526 0.089 97.370 0.096 97.030
61  0.053 98.566 0.090 97.430 0.096 97.030
62  0.052 98.586 0.089 97.420 0.096 97.030
63  0.051 98.590 0.088 97.430 0.096 97.030
64  0.051 98.638 0.090 97.380 0.096 97.030
65  0.050 98.674 0.089 97.370 0.096 97.030
66  0.049 98.662 0.088 97.520 0.093 97.200
67  0.049 98.684 0.088 97.500 0.093 97.200
68  0.048 98.700 0.088 97.480 0.093 97.200
69  0.047 98.700 0.087 97.500 0.093 97.200
70  0.047 98.716 0.088 97.390 0.093 97.200
71  0.046 98.744 0.087 97.430 0.093 97.200
72  0.045 98.782 0.088 97.490 0.093 97.200
73  0.045 98.794 0.087 97.460 0.093 97.200
74  0.045 98.800 0.087 97.460 0.093 97.200
75  0.044 98.816 0.087 97.460 0.093 97.200
76  0.043 98.832 0.086 97.410 0.093 97.200
77  0.043 98.864 0.086 97.500 0.093 97.200
78  0.042 98.894 0.087 97.450 0.093 97.200
79  0.042 98.894 0.086 97.520 0.093 97.200
80  0.041 98.908 0.086 97.460 0.093 97.200
81  0.041 98.934 0.086 97.510 0.093 97.200
82  0.040 98.944 0.087 97.530 0.091 97.180
83  0.040 98.986 0.086 97.490 0.091 97.180
84  0.039 98.962 0.085 97.520 0.091 97.180
85  0.039 98.976 0.086 97.480 0.091 97.180
86  0.038 98.992 0.086 97.420 0.091 97.180
87  0.038 99.038 0.086 97.430 0.091 97.180
88  0.037 99.040 0.086 97.490 0.091 97.180
89  0.037 99.062 0.086 97.490 0.091 97.180
90  0.037 99.046 0.087 97.530 0.091 97.180
91  0.036 99.082 0.086 97.480 0.091 97.180
92  0.036 99.062 0.086 97.480 0.091 97.180
93  0.035 99.158 0.086 97.470 0.091 97.180
94  0.035 99.114 0.086 97.470 0.091 97.180
95  0.034 99.120 0.085 97.530 0.091 97.180
96  0.034 99.140 0.086 97.490 0.091 97.180
97  0.034 99.160 0.085 97.500 0.091 97.180
98  0.033 99.186 0.085 97.480 0.091 97.180
99  0.033 99.182 0.086 97.440 0.091 97.180
100  0.033 99.184 0.086 97.480 0.091 97.180
101  0.032 99.204 0.086 97.460 0.091 97.180
102  0.032 99.244 0.085 97.480 0.091 97.180
103  0.031 99.240 0.086 97.500 0.091 97.180
104  0.031 99.250 0.086 97.520 0.091 97.180
105  0.031 99.260 0.086 97.510 0.091 97.180
106  0.030 99.294 0.086 97.510 0.091 97.180
107  0.030 99.304 0.086 97.470 0.091 97.180
108  0.030 99.320 0.086 97.500 0.091 97.180
109  0.029 99.326 0.086 97.500 0.091 97.180
110  0.029 99.332 0.086 97.480 0.091 97.180
111  0.029 99.298 0.086 97.510 0.091 97.180
112  0.028 99.372 0.086 97.500 0.091 97.180
113  0.028 99.364 0.086 97.470 0.091 97.180
114  0.028 99.376 0.086 97.490 0.091 97.180
115  0.027 99.404 0.086 97.480 0.091 97.180
116  0.027 99.378 0.086 97.480 0.091 97.180
117  0.027 99.394 0.087 97.540 0.092 97.230
118  0.026 99.430 0.087 97.520 0.092 97.230
119  0.026 99.440 0.086 97.530 0.092 97.230
120  0.026 99.424 0.086 97.440 0.092 97.230
121  0.026 99.490 0.087 97.470 0.092 97.230
122  0.025 99.470 0.088 97.450 0.092 97.230
123  0.025 99.476 0.087 97.480 0.092 97.230
124  0.025 99.502 0.087 97.450 0.092 97.230
125  0.024 99.500 0.087 97.490 0.092 97.230
126  0.024 99.494 0.089 97.500 0.092 97.230
127  0.024 99.528 0.088 97.520 0.092 97.230
128  0.024 99.528 0.089 97.460 0.092 97.230
129  0.024 99.538 0.088 97.500 0.092 97.230
130  0.023 99.552 0.087 97.500 0.092 97.230
131  0.023 99.558 0.088 97.530 0.092 97.230
132  0.023 99.582 0.089 97.520 0.092 97.230
133  0.022 99.578 0.089 97.490 0.092 97.230
134  0.022 99.576 0.089 97.490 0.092 97.230
135  0.022 99.584 0.089 97.500 0.092 97.230
136  0.022 99.608 0.089 97.480 0.092 97.230
137  0.022 99.630 0.090 97.500 0.092 97.230
138  0.021 99.596 0.089 97.500 0.092 97.230
139  0.021 99.620 0.090 97.470 0.092 97.230
140  0.021 99.608 0.089 97.490 0.092 97.230
141  0.021 99.632 0.089 97.530 0.092 97.230
142  0.020 99.654 0.090 97.480 0.092 97.230
143  0.020 99.642 0.090 97.510 0.092 97.230
144  0.020 99.656 0.090 97.470 0.092 97.230
145  0.020 99.666 0.092 97.440 0.092 97.230
146  0.020 99.674 0.090 97.460 0.092 97.230
147  0.019 99.678 0.090 97.480 0.092 97.230
148  0.019 99.674 0.091 97.450 0.092 97.230
149  0.019 99.704 0.091 97.470 0.092 97.230
150  0.019 99.706 0.091 97.480 0.092 97.230
151  0.019 99.696 0.092 97.480 0.092 97.230
152  0.018 99.710 0.091 97.420 0.092 97.230
153  0.018 99.720 0.092 97.500 0.092 97.230
154  0.018 99.720 0.093 97.460 0.092 97.230
155  0.018 99.728 0.092 97.460 0.092 97.230
156  0.018 99.742 0.092 97.440 0.092 97.230
157  0.017 99.744 0.092 97.510 0.092 97.230
158  0.017 99.760 0.092 97.450 0.092 97.230
159  0.017 99.754 0.094 97.460 0.092 97.230
160  0.017 99.754 0.093 97.440 0.092 97.230
161  0.017 99.764 0.094 97.470 0.092 97.230
162  0.017 99.772 0.093 97.420 0.092 97.230
163  0.017 99.762 0.094 97.470 0.092 97.230
164  0.016 99.774 0.093 97.460 0.092 97.230
165  0.016 99.776 0.093 97.440 0.092 97.230
166  0.016 99.798 0.093 97.430 0.092 97.230
167  0.016 99.800 0.093 97.500 0.092 97.230
168  0.016 99.810 0.094 97.430 0.092 97.230
169  0.016 99.804 0.094 97.450 0.092 97.230
170  0.015 99.810 0.094 97.420 0.092 97.230
171  0.015 99.822 0.094 97.460 0.092 97.230
172  0.015 99.830 0.095 97.400 0.092 97.230
173  0.015 99.816 0.094 97.450 0.092 97.230
174  0.015 99.810 0.096 97.460 0.092 97.230
175  0.015 99.836 0.095 97.400 0.092 97.230
176  0.015 99.850 0.095 97.400 0.092 97.230
177  0.014 99.842 0.095 97.440 0.092 97.230
178  0.014 99.852 0.095 97.400 0.092 97.230
179  0.014 99.824 0.095 97.440 0.092 97.230
180  0.014 99.844 0.097 97.420 0.092 97.230
181  0.014 99.858 0.097 97.440 0.092 97.230
182  0.014 99.838 0.097 97.410 0.092 97.230
183  0.014 99.862 0.095 97.440 0.092 97.230
184  0.014 99.850 0.096 97.430 0.092 97.230
185  0.013 99.858 0.098 97.410 0.092 97.230
186  0.013 99.872 0.097 97.450 0.092 97.230
187  0.013 99.870 0.097 97.400 0.092 97.230
188  0.013 99.870 0.096 97.430 0.092 97.230
189  0.013 99.868 0.097 97.400 0.092 97.230
190  0.013 99.874 0.097 97.460 0.092 97.230
191  0.013 99.872 0.097 97.440 0.092 97.230
192  0.012 99.872 0.097 97.460 0.092 97.230
193  0.012 99.894 0.098 97.410 0.092 97.230
194  0.012 99.886 0.098 97.400 0.092 97.230
195  0.012 99.882 0.098 97.420 0.092 97.230
196  0.012 99.894 0.098 97.370 0.092 97.230
197  0.012 99.890 0.098 97.390 0.092 97.230
198  0.012 99.890 0.098 97.420 0.092 97.230
199  0.012 99.894 0.099 97.340 0.092 97.230
