0  1.237 78.378 0.661 89.780 0.656 88.620
1  0.514 91.426 0.401 92.370 0.406 91.790
2  0.353 93.128 0.304 93.440 0.313 93.060
3  0.283 93.766 0.256 94.040 0.267 93.640
4  0.244 94.268 0.228 94.300 0.238 93.970
5  0.218 94.680 0.209 94.630 0.218 94.230
6  0.199 95.032 0.195 94.980 0.204 94.540
7  0.184 95.320 0.184 95.070 0.191 94.850
8  0.172 95.542 0.174 95.350 0.181 95.060
9  0.162 95.718 0.169 95.520 0.175 95.260
10  0.154 95.880 0.162 95.650 0.168 95.480
11  0.147 96.066 0.157 95.680 0.162 95.610
12  0.141 96.228 0.152 95.890 0.157 95.630
13  0.136 96.342 0.148 95.900 0.152 95.700
14  0.131 96.438 0.145 96.050 0.150 95.670
15  0.127 96.534 0.143 96.150 0.147 95.890
16  0.123 96.658 0.139 96.180 0.143 95.930
17  0.119 96.710 0.136 96.350 0.141 96.030
18  0.116 96.782 0.134 96.450 0.138 96.220
19  0.113 96.874 0.132 96.410 0.138 96.220
20  0.110 96.942 0.129 96.410 0.138 96.220
21  0.108 96.980 0.128 96.490 0.132 96.330
22  0.105 97.062 0.126 96.520 0.130 96.370
23  0.103 97.132 0.124 96.640 0.128 96.490
24  0.101 97.206 0.123 96.650 0.126 96.470
25  0.099 97.272 0.121 96.690 0.125 96.510
26  0.097 97.316 0.119 96.760 0.123 96.530
27  0.095 97.374 0.118 96.760 0.123 96.530
28  0.093 97.392 0.117 96.720 0.123 96.530
29  0.091 97.478 0.115 96.830 0.119 96.730
30  0.089 97.510 0.115 96.820 0.119 96.730
31  0.088 97.524 0.113 96.890 0.117 96.850
32  0.086 97.610 0.112 96.890 0.115 96.810
33  0.085 97.646 0.111 96.920 0.114 96.800
34  0.083 97.682 0.110 96.970 0.114 96.860
35  0.082 97.704 0.109 96.990 0.113 96.890
36  0.081 97.736 0.109 97.000 0.112 96.890
37  0.080 97.780 0.108 97.010 0.112 96.880
38  0.078 97.806 0.106 97.060 0.111 96.960
39  0.077 97.836 0.106 97.090 0.111 96.970
40  0.076 97.858 0.105 97.150 0.110 96.890
41  0.075 97.914 0.105 97.120 0.110 96.890
42  0.074 97.940 0.104 97.180 0.108 96.960
43  0.073 97.974 0.102 97.130 0.108 96.960
44  0.072 97.988 0.102 97.150 0.108 96.960
45  0.071 98.000 0.102 97.150 0.108 96.960
46  0.070 98.058 0.101 97.160 0.108 96.960
47  0.069 98.076 0.100 97.260 0.106 96.990
48  0.068 98.062 0.100 97.160 0.106 96.990
49  0.067 98.126 0.099 97.270 0.103 96.990
50  0.066 98.178 0.098 97.280 0.103 97.000
51  0.065 98.212 0.098 97.290 0.103 97.030
52  0.065 98.190 0.098 97.250 0.103 97.030
53  0.064 98.234 0.097 97.340 0.102 96.970
54  0.063 98.244 0.097 97.300 0.102 96.970
55  0.063 98.256 0.096 97.280 0.102 96.970
56  0.062 98.300 0.096 97.330 0.102 96.970
57  0.061 98.320 0.095 97.350 0.101 97.040
58  0.060 98.324 0.094 97.330 0.101 97.040
59  0.060 98.322 0.095 97.370 0.099 97.020
60  0.059 98.362 0.094 97.360 0.099 97.020
61  0.058 98.388 0.094 97.380 0.099 97.110
62  0.058 98.408 0.094 97.370 0.099 97.110
63  0.057 98.426 0.093 97.390 0.099 97.090
64  0.057 98.434 0.094 97.410 0.098 97.140
65  0.056 98.456 0.094 97.230 0.098 97.140
66  0.055 98.490 0.092 97.390 0.098 97.140
67  0.055 98.492 0.093 97.430 0.098 97.050
68  0.054 98.494 0.092 97.330 0.098 97.050
69  0.054 98.526 0.092 97.470 0.097 97.110
70  0.053 98.548 0.091 97.450 0.097 97.110
71  0.053 98.568 0.092 97.360 0.097 97.110
72  0.052 98.578 0.091 97.360 0.097 97.110
73  0.052 98.588 0.091 97.310 0.097 97.110
74  0.051 98.594 0.091 97.310 0.097 97.110
75  0.051 98.638 0.091 97.300 0.097 97.110
76  0.050 98.616 0.092 97.440 0.097 97.110
77  0.050 98.636 0.090 97.360 0.097 97.110
78  0.049 98.664 0.089 97.400 0.097 97.110
79  0.049 98.666 0.090 97.360 0.097 97.110
80  0.048 98.702 0.090 97.370 0.097 97.110
81  0.048 98.732 0.090 97.350 0.097 97.110
82  0.048 98.740 0.089 97.400 0.097 97.110
83  0.047 98.748 0.090 97.350 0.097 97.110
84  0.047 98.770 0.090 97.460 0.097 97.110
85  0.046 98.808 0.088 97.420 0.097 97.110
86  0.046 98.758 0.088 97.390 0.097 97.110
87  0.046 98.786 0.089 97.390 0.097 97.110
88  0.045 98.782 0.089 97.390 0.097 97.110
89  0.045 98.798 0.088 97.400 0.097 97.110
90  0.044 98.860 0.088 97.440 0.097 97.110
91  0.044 98.858 0.089 97.420 0.097 97.110
92  0.043 98.862 0.089 97.410 0.097 97.110
93  0.043 98.860 0.088 97.420 0.097 97.110
94  0.043 98.888 0.088 97.410 0.097 97.110
95  0.042 98.912 0.088 97.410 0.097 97.110
96  0.042 98.910 0.088 97.440 0.097 97.110
97  0.042 98.940 0.087 97.400 0.097 97.110
98  0.041 98.938 0.088 97.440 0.097 97.110
99  0.041 98.930 0.087 97.500 0.097 97.110
100  0.041 98.958 0.087 97.460 0.097 97.110
101  0.040 98.956 0.088 97.390 0.097 97.110
102  0.040 98.964 0.088 97.450 0.097 97.110
103  0.040 98.966 0.087 97.430 0.097 97.110
104  0.039 98.984 0.087 97.470 0.092 97.330
105  0.039 99.018 0.087 97.470 0.092 97.330
106  0.039 99.006 0.087 97.400 0.092 97.330
107  0.038 99.024 0.087 97.460 0.092 97.330
108  0.038 99.018 0.089 97.440 0.092 97.330
109  0.038 99.022 0.087 97.410 0.092 97.330
110  0.037 99.062 0.086 97.390 0.092 97.330
111  0.037 99.022 0.087 97.420 0.092 97.330
112  0.037 99.048 0.086 97.460 0.092 97.330
113  0.037 99.044 0.088 97.440 0.092 97.330
114  0.036 99.096 0.086 97.510 0.092 97.230
115  0.036 99.092 0.086 97.460 0.092 97.230
116  0.036 99.094 0.086 97.460 0.092 97.230
117  0.035 99.110 0.087 97.420 0.092 97.230
118  0.035 99.108 0.086 97.460 0.092 97.230
119  0.035 99.116 0.086 97.520 0.093 97.240
120  0.035 99.128 0.086 97.480 0.093 97.240
121  0.034 99.146 0.087 97.500 0.093 97.240
122  0.034 99.152 0.087 97.450 0.093 97.240
123  0.034 99.132 0.087 97.440 0.093 97.240
124  0.034 99.170 0.086 97.470 0.093 97.240
125  0.033 99.156 0.086 97.470 0.093 97.240
126  0.033 99.174 0.086 97.500 0.093 97.240
127  0.033 99.176 0.087 97.430 0.093 97.240
128  0.033 99.180 0.087 97.380 0.093 97.240
129  0.032 99.204 0.088 97.480 0.093 97.240
130  0.032 99.244 0.086 97.520 0.093 97.280
131  0.032 99.208 0.086 97.500 0.093 97.280
132  0.031 99.238 0.086 97.450 0.093 97.280
133  0.031 99.230 0.086 97.450 0.093 97.280
134  0.031 99.248 0.086 97.470 0.093 97.280
135  0.031 99.238 0.087 97.430 0.093 97.280
136  0.031 99.256 0.087 97.490 0.093 97.280
137  0.030 99.284 0.086 97.460 0.093 97.280
138  0.030 99.268 0.087 97.420 0.093 97.280
139  0.030 99.300 0.087 97.450 0.093 97.280
140  0.030 99.304 0.087 97.470 0.093 97.280
141  0.030 99.290 0.086 97.520 0.093 97.280
142  0.029 99.320 0.087 97.460 0.093 97.280
143  0.029 99.320 0.087 97.480 0.093 97.280
144  0.029 99.320 0.087 97.440 0.093 97.280
145  0.029 99.316 0.088 97.450 0.093 97.280
146  0.028 99.358 0.087 97.450 0.093 97.280
147  0.028 99.352 0.087 97.490 0.093 97.280
148  0.028 99.334 0.088 97.490 0.093 97.280
149  0.028 99.366 0.088 97.540 0.094 97.240
150  0.028 99.390 0.087 97.490 0.094 97.240
151  0.027 99.390 0.088 97.450 0.094 97.240
152  0.027 99.372 0.087 97.460 0.094 97.240
153  0.027 99.388 0.087 97.510 0.094 97.240
154  0.027 99.422 0.088 97.480 0.094 97.240
155  0.027 99.430 0.087 97.510 0.094 97.240
156  0.027 99.394 0.087 97.510 0.094 97.240
157  0.026 99.418 0.087 97.510 0.094 97.240
158  0.026 99.436 0.088 97.460 0.094 97.240
159  0.026 99.442 0.087 97.500 0.094 97.240
160  0.026 99.460 0.088 97.510 0.094 97.240
161  0.026 99.454 0.088 97.480 0.094 97.240
162  0.025 99.470 0.089 97.350 0.094 97.240
163  0.025 99.458 0.088 97.420 0.094 97.240
164  0.025 99.484 0.088 97.460 0.094 97.240
165  0.025 99.492 0.089 97.440 0.094 97.240
166  0.025 99.472 0.088 97.470 0.094 97.240
167  0.025 99.502 0.088 97.450 0.094 97.240
168  0.024 99.506 0.089 97.420 0.094 97.240
169  0.024 99.496 0.088 97.470 0.094 97.240
170  0.024 99.486 0.089 97.420 0.094 97.240
171  0.024 99.532 0.088 97.460 0.094 97.240
172  0.024 99.512 0.089 97.500 0.094 97.240
173  0.024 99.508 0.089 97.500 0.094 97.240
174  0.023 99.508 0.089 97.480 0.094 97.240
175  0.023 99.542 0.089 97.460 0.094 97.240
176  0.023 99.540 0.089 97.450 0.094 97.240
177  0.023 99.584 0.089 97.450 0.094 97.240
178  0.023 99.556 0.089 97.430 0.094 97.240
179  0.023 99.554 0.089 97.470 0.094 97.240
180  0.022 99.582 0.089 97.520 0.094 97.240
181  0.022 99.540 0.090 97.430 0.094 97.240
182  0.022 99.576 0.089 97.430 0.094 97.240
183  0.022 99.592 0.089 97.470 0.094 97.240
184  0.022 99.586 0.089 97.500 0.094 97.240
185  0.022 99.598 0.089 97.580 0.097 97.180
186  0.022 99.586 0.091 97.480 0.097 97.180
187  0.022 99.592 0.090 97.460 0.097 97.180
188  0.021 99.610 0.089 97.530 0.097 97.180
189  0.021 99.626 0.090 97.430 0.097 97.180
190  0.021 99.618 0.090 97.520 0.097 97.180
191  0.021 99.628 0.090 97.450 0.097 97.180
192  0.021 99.604 0.090 97.460 0.097 97.180
193  0.021 99.650 0.090 97.500 0.097 97.180
194  0.020 99.626 0.090 97.520 0.097 97.180
195  0.020 99.632 0.090 97.480 0.097 97.180
196  0.020 99.626 0.090 97.490 0.097 97.180
197  0.020 99.646 0.090 97.500 0.097 97.180
198  0.020 99.648 0.090 97.480 0.097 97.180
199  0.020 99.664 0.091 97.470 0.097 97.180
