0  0.821 87.646 0.351 94.370 0.356 93.980
1  0.290 95.036 0.246 95.150 0.252 94.580
2  0.220 95.662 0.206 95.550 0.213 94.920
3  0.188 95.896 0.184 95.700 0.191 95.170
4  0.168 96.144 0.170 95.820 0.177 95.400
5  0.154 96.322 0.160 95.980 0.167 95.550
6  0.143 96.470 0.153 95.990 0.159 95.610
7  0.135 96.586 0.147 96.110 0.153 95.640
8  0.128 96.682 0.142 96.160 0.147 95.610
9  0.123 96.782 0.138 96.330 0.143 95.710
10  0.117 96.856 0.134 96.480 0.139 95.880
11  0.113 96.918 0.131 96.490 0.136 95.930
12  0.109 97.056 0.128 96.590 0.132 95.990
13  0.105 97.106 0.126 96.630 0.130 96.090
14  0.102 97.182 0.123 96.730 0.127 96.210
15  0.099 97.268 0.121 96.720 0.127 96.210
16  0.096 97.352 0.119 96.730 0.127 96.210
17  0.093 97.444 0.117 96.790 0.120 96.280
18  0.091 97.448 0.116 96.800 0.118 96.350
19  0.089 97.532 0.114 96.850 0.117 96.390
20  0.087 97.574 0.112 96.880 0.115 96.510
21  0.085 97.664 0.112 96.920 0.113 96.450
22  0.083 97.696 0.111 96.860 0.113 96.450
23  0.081 97.706 0.109 96.940 0.111 96.560
24  0.080 97.742 0.108 97.010 0.110 96.600
25  0.078 97.808 0.108 96.940 0.110 96.600
26  0.077 97.800 0.106 97.040 0.108 96.590
27  0.076 97.852 0.105 97.060 0.107 96.640
28  0.074 97.896 0.105 97.040 0.107 96.640
29  0.073 97.888 0.105 97.100 0.106 96.780
30  0.072 97.942 0.104 97.080 0.106 96.780
31  0.071 97.994 0.104 97.070 0.106 96.780
32  0.070 97.994 0.103 97.130 0.103 96.800
33  0.069 98.020 0.102 97.150 0.103 96.840
34  0.068 98.054 0.102 97.120 0.103 96.840
35  0.067 98.070 0.101 97.160 0.102 96.910
36  0.067 98.124 0.100 97.240 0.100 96.900
37  0.066 98.098 0.101 97.220 0.100 96.900
38  0.065 98.146 0.099 97.270 0.099 96.910
39  0.064 98.190 0.100 97.200 0.099 96.910
40  0.063 98.196 0.099 97.260 0.099 96.910
41  0.063 98.174 0.099 97.250 0.099 96.910
42  0.062 98.182 0.098 97.300 0.097 97.020
43  0.061 98.246 0.098 97.310 0.097 97.060
44  0.061 98.246 0.097 97.280 0.097 97.060
45  0.060 98.280 0.097 97.300 0.097 97.060
46  0.059 98.292 0.097 97.290 0.097 97.060
47  0.059 98.282 0.097 97.320 0.095 97.160
48  0.058 98.318 0.097 97.330 0.095 97.130
49  0.058 98.338 0.096 97.360 0.095 97.190
50  0.057 98.324 0.096 97.350 0.095 97.190
51  0.056 98.362 0.095 97.340 0.095 97.190
52  0.056 98.374 0.095 97.390 0.093 97.280
53  0.055 98.382 0.095 97.390 0.093 97.280
54  0.055 98.378 0.095 97.360 0.093 97.280
55  0.054 98.424 0.095 97.370 0.093 97.280
56  0.054 98.430 0.095 97.400 0.092 97.230
57  0.053 98.446 0.094 97.400 0.092 97.230
58  0.053 98.454 0.094 97.390 0.092 97.230
59  0.052 98.516 0.093 97.470 0.091 97.270
60  0.052 98.478 0.093 97.410 0.091 97.270
61  0.052 98.500 0.093 97.450 0.091 97.270
62  0.051 98.526 0.093 97.420 0.091 97.270
63  0.051 98.510 0.093 97.440 0.091 97.270
64  0.050 98.542 0.092 97.460 0.091 97.270
65  0.050 98.558 0.093 97.440 0.091 97.270
66  0.050 98.566 0.093 97.490 0.089 97.410
67  0.049 98.578 0.092 97.480 0.089 97.410
68  0.049 98.584 0.092 97.460 0.089 97.410
69  0.048 98.604 0.091 97.410 0.089 97.410
70  0.048 98.632 0.092 97.450 0.089 97.410
71  0.048 98.628 0.092 97.480 0.089 97.410
72  0.047 98.648 0.091 97.460 0.089 97.410
73  0.047 98.650 0.091 97.450 0.089 97.410
74  0.047 98.666 0.091 97.520 0.088 97.350
75  0.046 98.670 0.091 97.490 0.088 97.350
76  0.046 98.694 0.091 97.490 0.088 97.350
77  0.046 98.698 0.091 97.510 0.088 97.350
78  0.045 98.700 0.091 97.490 0.088 97.350
79  0.045 98.710 0.090 97.550 0.087 97.480
80  0.045 98.712 0.090 97.520 0.087 97.480
81  0.044 98.712 0.090 97.530 0.087 97.480
82  0.044 98.752 0.090 97.570 0.086 97.460
83  0.044 98.734 0.090 97.510 0.086 97.460
84  0.043 98.754 0.090 97.550 0.086 97.460
85  0.043 98.750 0.090 97.560 0.086 97.460
86  0.043 98.748 0.090 97.520 0.086 97.460
87  0.042 98.780 0.089 97.540 0.086 97.460
88  0.042 98.782 0.090 97.550 0.086 97.460
89  0.042 98.798 0.089 97.520 0.086 97.460
90  0.042 98.828 0.090 97.570 0.086 97.460
91  0.041 98.812 0.089 97.490 0.086 97.460
92  0.041 98.828 0.089 97.580 0.085 97.470
93  0.041 98.818 0.089 97.580 0.085 97.470
94  0.041 98.838 0.089 97.560 0.085 97.470
95  0.040 98.846 0.089 97.570 0.085 97.470
96  0.040 98.842 0.089 97.590 0.085 97.490
97  0.040 98.860 0.089 97.550 0.085 97.490
98  0.039 98.854 0.089 97.570 0.085 97.490
99  0.039 98.860 0.089 97.560 0.085 97.490
100  0.039 98.886 0.089 97.620 0.085 97.450
101  0.039 98.884 0.088 97.510 0.085 97.450
102  0.039 98.896 0.088 97.540 0.085 97.450
103  0.038 98.910 0.088 97.520 0.085 97.450
104  0.038 98.906 0.088 97.550 0.085 97.450
105  0.038 98.910 0.089 97.570 0.085 97.450
106  0.038 98.922 0.088 97.540 0.085 97.450
107  0.037 98.942 0.089 97.560 0.085 97.450
108  0.037 98.966 0.088 97.560 0.085 97.450
109  0.037 98.964 0.088 97.550 0.085 97.450
110  0.037 98.982 0.088 97.570 0.085 97.450
111  0.037 98.968 0.088 97.570 0.085 97.450
112  0.036 98.986 0.088 97.610 0.085 97.450
113  0.036 98.970 0.088 97.550 0.085 97.450
114  0.036 99.002 0.087 97.610 0.085 97.450
115  0.036 99.004 0.088 97.600 0.085 97.450
116  0.035 99.002 0.088 97.560 0.085 97.450
117  0.035 99.018 0.088 97.610 0.085 97.450
118  0.035 99.030 0.088 97.590 0.085 97.450
119  0.035 99.048 0.088 97.600 0.085 97.450
120  0.035 99.058 0.088 97.580 0.085 97.450
121  0.034 99.062 0.087 97.590 0.085 97.450
122  0.034 99.064 0.088 97.590 0.085 97.450
123  0.034 99.084 0.087 97.600 0.085 97.450
124  0.034 99.096 0.087 97.640 0.083 97.500
125  0.034 99.084 0.087 97.640 0.083 97.500
126  0.034 99.072 0.087 97.600 0.083 97.500
127  0.033 99.108 0.088 97.610 0.083 97.500
128  0.033 99.098 0.088 97.610 0.083 97.500
129  0.033 99.116 0.088 97.590 0.083 97.500
130  0.033 99.126 0.087 97.620 0.083 97.500
131  0.033 99.124 0.088 97.590 0.083 97.500
132  0.032 99.126 0.087 97.540 0.083 97.500
133  0.032 99.144 0.087 97.600 0.083 97.500
134  0.032 99.130 0.087 97.630 0.083 97.500
135  0.032 99.140 0.087 97.610 0.083 97.500
136  0.032 99.146 0.087 97.650 0.083 97.590
137  0.032 99.166 0.088 97.560 0.083 97.590
138  0.031 99.178 0.087 97.610 0.083 97.590
139  0.031 99.184 0.087 97.610 0.083 97.590
140  0.031 99.170 0.087 97.630 0.083 97.590
141  0.031 99.192 0.087 97.590 0.083 97.590
142  0.031 99.214 0.087 97.610 0.083 97.590
143  0.031 99.214 0.087 97.640 0.083 97.590
144  0.030 99.224 0.087 97.630 0.083 97.590
145  0.030 99.220 0.088 97.560 0.083 97.590
146  0.030 99.224 0.087 97.570 0.083 97.590
147  0.030 99.230 0.088 97.620 0.083 97.590
148  0.030 99.228 0.087 97.630 0.083 97.590
149  0.030 99.258 0.087 97.620 0.083 97.590
150  0.030 99.242 0.087 97.640 0.083 97.590
151  0.029 99.246 0.087 97.630 0.083 97.590
152  0.029 99.264 0.087 97.620 0.083 97.590
153  0.029 99.256 0.087 97.630 0.083 97.590
154  0.029 99.274 0.088 97.580 0.083 97.590
155  0.029 99.284 0.087 97.590 0.083 97.590
156  0.029 99.264 0.087 97.610 0.083 97.590
157  0.029 99.280 0.087 97.670 0.083 97.600
158  0.028 99.294 0.088 97.640 0.083 97.600
159  0.028 99.286 0.087 97.620 0.083 97.600
160  0.028 99.306 0.088 97.590 0.083 97.600
161  0.028 99.288 0.087 97.650 0.083 97.600
162  0.028 99.312 0.087 97.680 0.083 97.620
163  0.028 99.316 0.087 97.630 0.083 97.620
164  0.028 99.324 0.087 97.680 0.083 97.620
165  0.027 99.318 0.087 97.660 0.083 97.620
166  0.027 99.330 0.087 97.650 0.083 97.620
167  0.027 99.306 0.086 97.620 0.083 97.620
168  0.027 99.330 0.087 97.580 0.083 97.620
169  0.027 99.336 0.088 97.560 0.083 97.620
170  0.027 99.340 0.088 97.640 0.083 97.620
171  0.027 99.346 0.087 97.610 0.083 97.620
172  0.027 99.340 0.087 97.620 0.083 97.620
173  0.026 99.350 0.088 97.660 0.083 97.620
174  0.026 99.362 0.089 97.570 0.083 97.620
175  0.026 99.352 0.087 97.680 0.083 97.620
176  0.026 99.364 0.087 97.630 0.083 97.620
177  0.026 99.378 0.087 97.650 0.083 97.620
178  0.026 99.364 0.087 97.630 0.083 97.620
179  0.026 99.366 0.087 97.660 0.083 97.620
180  0.026 99.366 0.087 97.660 0.083 97.620
181  0.025 99.384 0.088 97.640 0.083 97.620
182  0.025 99.372 0.087 97.620 0.083 97.620
183  0.025 99.382 0.088 97.670 0.083 97.620
184  0.025 99.392 0.088 97.650 0.083 97.620
185  0.025 99.398 0.087 97.650 0.083 97.620
186  0.025 99.392 0.087 97.680 0.083 97.620
187  0.025 99.410 0.088 97.660 0.083 97.620
188  0.025 99.390 0.087 97.640 0.083 97.620
189  0.025 99.414 0.087 97.670 0.083 97.620
190  0.024 99.410 0.087 97.680 0.083 97.620
191  0.024 99.436 0.087 97.640 0.083 97.620
192  0.024 99.422 0.087 97.650 0.083 97.620
193  0.024 99.430 0.088 97.690 0.083 97.650
194  0.024 99.432 0.088 97.660 0.083 97.650
195  0.024 99.428 0.088 97.660 0.083 97.650
196  0.024 99.442 0.087 97.710 0.083 97.690
197  0.024 99.432 0.088 97.670 0.083 97.690
198  0.024 99.446 0.088 97.700 0.083 97.690
199  0.023 99.444 0.088 97.680 0.083 97.690
