0  0.797 87.346 0.329 94.600 0.334 94.180
1  0.271 95.214 0.229 95.300 0.236 94.900
2  0.204 95.826 0.192 95.600 0.199 95.190
3  0.173 96.168 0.172 95.770 0.178 95.490
4  0.154 96.422 0.159 95.970 0.164 95.580
5  0.140 96.584 0.149 96.110 0.155 95.710
6  0.130 96.736 0.143 96.190 0.147 95.800
7  0.122 96.864 0.137 96.310 0.142 95.850
8  0.116 96.998 0.132 96.460 0.137 95.940
9  0.110 97.098 0.128 96.430 0.137 95.940
10  0.105 97.228 0.125 96.440 0.137 95.940
11  0.101 97.276 0.122 96.580 0.126 96.210
12  0.097 97.382 0.119 96.600 0.123 96.250
13  0.094 97.444 0.117 96.640 0.120 96.290
14  0.091 97.490 0.115 96.680 0.118 96.330
15  0.088 97.566 0.113 96.740 0.116 96.420
16  0.086 97.622 0.111 96.750 0.114 96.470
17  0.084 97.688 0.110 96.790 0.113 96.510
18  0.082 97.688 0.109 96.880 0.111 96.570
19  0.080 97.754 0.107 96.900 0.110 96.600
20  0.078 97.796 0.106 96.930 0.109 96.600
21  0.076 97.812 0.105 96.920 0.109 96.600
22  0.075 97.882 0.105 97.010 0.107 96.700
23  0.073 97.916 0.104 96.950 0.107 96.700
24  0.072 97.934 0.103 97.020 0.105 96.740
25  0.071 97.980 0.102 97.080 0.104 96.780
26  0.069 98.016 0.102 97.070 0.104 96.780
27  0.068 98.062 0.101 97.080 0.104 96.780
28  0.067 98.058 0.100 97.130 0.102 96.790
29  0.066 98.070 0.100 97.110 0.102 96.790
30  0.065 98.136 0.099 97.130 0.100 96.950
31  0.064 98.142 0.098 97.140 0.100 96.960
32  0.063 98.186 0.098 97.160 0.099 96.970
33  0.062 98.210 0.098 97.240 0.099 96.960
34  0.062 98.246 0.097 97.230 0.099 96.960
35  0.061 98.264 0.097 97.180 0.099 96.960
36  0.060 98.286 0.097 97.240 0.099 96.960
37  0.059 98.306 0.096 97.250 0.097 97.060
38  0.058 98.346 0.096 97.350 0.096 97.110
39  0.058 98.350 0.095 97.250 0.096 97.110
40  0.057 98.404 0.095 97.330 0.096 97.110
41  0.056 98.424 0.094 97.300 0.096 97.110
42  0.056 98.436 0.094 97.340 0.096 97.110
43  0.055 98.462 0.094 97.330 0.096 97.110
44  0.054 98.502 0.093 97.310 0.096 97.110
45  0.054 98.510 0.093 97.330 0.096 97.110
46  0.053 98.518 0.093 97.330 0.096 97.110
47  0.052 98.538 0.092 97.310 0.096 97.110
48  0.052 98.562 0.092 97.280 0.096 97.110
49  0.051 98.598 0.092 97.370 0.092 97.200
50  0.051 98.602 0.092 97.280 0.092 97.200
51  0.050 98.618 0.092 97.310 0.092 97.200
52  0.050 98.632 0.092 97.380 0.092 97.220
53  0.049 98.616 0.091 97.330 0.092 97.220
54  0.049 98.656 0.091 97.380 0.091 97.180
55  0.048 98.654 0.091 97.350 0.091 97.180
56  0.048 98.684 0.091 97.410 0.091 97.230
57  0.047 98.682 0.090 97.380 0.091 97.230
58  0.047 98.702 0.090 97.380 0.091 97.230
59  0.046 98.720 0.090 97.390 0.091 97.230
60  0.046 98.736 0.090 97.390 0.091 97.230
61  0.045 98.740 0.090 97.420 0.090 97.260
62  0.045 98.770 0.090 97.430 0.089 97.240
63  0.045 98.770 0.089 97.430 0.089 97.240
64  0.044 98.784 0.089 97.450 0.089 97.320
65  0.044 98.792 0.089 97.420 0.089 97.320
66  0.043 98.798 0.089 97.460 0.090 97.320
67  0.043 98.808 0.089 97.460 0.090 97.320
68  0.043 98.848 0.089 97.410 0.090 97.320
69  0.042 98.840 0.088 97.450 0.090 97.320
70  0.042 98.846 0.088 97.500 0.089 97.300
71  0.042 98.868 0.088 97.470 0.089 97.300
72  0.041 98.866 0.087 97.500 0.088 97.290
73  0.041 98.870 0.087 97.510 0.088 97.270
74  0.040 98.906 0.088 97.460 0.088 97.270
75  0.040 98.894 0.087 97.470 0.088 97.270
76  0.040 98.904 0.087 97.490 0.088 97.270
77  0.039 98.920 0.087 97.490 0.088 97.270
78  0.039 98.938 0.088 97.510 0.088 97.270
79  0.039 98.938 0.087 97.490 0.088 97.270
80  0.038 98.936 0.087 97.540 0.087 97.370
81  0.038 98.972 0.087 97.550 0.088 97.320
82  0.038 98.966 0.087 97.540 0.088 97.320
83  0.038 99.008 0.087 97.560 0.088 97.370
84  0.037 99.008 0.087 97.550 0.088 97.370
85  0.037 99.014 0.086 97.570 0.087 97.370
86  0.037 99.028 0.087 97.530 0.087 97.370
87  0.036 99.034 0.087 97.570 0.087 97.370
88  0.036 99.060 0.086 97.540 0.087 97.370
89  0.036 99.040 0.086 97.550 0.087 97.370
90  0.035 99.042 0.086 97.570 0.086 97.370
91  0.035 99.068 0.086 97.600 0.087 97.390
92  0.035 99.044 0.085 97.580 0.087 97.390
93  0.035 99.082 0.086 97.570 0.087 97.390
94  0.034 99.090 0.086 97.640 0.086 97.390
95  0.034 99.096 0.086 97.590 0.086 97.390
96  0.034 99.086 0.085 97.620 0.086 97.390
97  0.034 99.118 0.086 97.630 0.086 97.390
98  0.033 99.138 0.086 97.680 0.086 97.430
99  0.033 99.144 0.085 97.640 0.086 97.430
100  0.033 99.126 0.086 97.590 0.086 97.430
101  0.033 99.148 0.085 97.630 0.086 97.430
102  0.032 99.178 0.085 97.660 0.086 97.430
103  0.032 99.152 0.086 97.660 0.086 97.430
104  0.032 99.172 0.085 97.600 0.086 97.430
105  0.032 99.184 0.085 97.650 0.086 97.430
106  0.031 99.174 0.085 97.630 0.086 97.430
107  0.031 99.214 0.086 97.640 0.086 97.430
108  0.031 99.208 0.085 97.690 0.086 97.450
109  0.031 99.226 0.085 97.670 0.086 97.450
110  0.031 99.230 0.085 97.670 0.086 97.450
111  0.030 99.214 0.085 97.710 0.086 97.500
112  0.030 99.232 0.085 97.710 0.085 97.490
113  0.030 99.246 0.085 97.680 0.085 97.490
114  0.030 99.258 0.084 97.640 0.085 97.490
115  0.029 99.252 0.086 97.560 0.085 97.490
116  0.029 99.246 0.085 97.650 0.085 97.490
117  0.029 99.268 0.085 97.590 0.085 97.490
118  0.029 99.280 0.085 97.660 0.085 97.490
119  0.029 99.298 0.085 97.680 0.085 97.490
120  0.028 99.296 0.085 97.640 0.085 97.490
121  0.028 99.276 0.085 97.690 0.085 97.490
122  0.028 99.316 0.085 97.680 0.085 97.490
123  0.028 99.328 0.085 97.680 0.085 97.490
124  0.028 99.302 0.085 97.660 0.085 97.490
125  0.027 99.342 0.085 97.670 0.085 97.490
126  0.027 99.326 0.085 97.670 0.085 97.490
127  0.027 99.330 0.085 97.610 0.085 97.490
128  0.027 99.350 0.085 97.630 0.085 97.490
129  0.027 99.348 0.085 97.660 0.085 97.490
130  0.026 99.362 0.085 97.670 0.085 97.490
131  0.026 99.352 0.084 97.650 0.085 97.490
132  0.026 99.360 0.085 97.660 0.085 97.490
133  0.026 99.364 0.085 97.640 0.085 97.490
134  0.026 99.386 0.085 97.650 0.085 97.490
135  0.026 99.408 0.085 97.580 0.085 97.490
136  0.025 99.386 0.085 97.650 0.085 97.490
137  0.025 99.404 0.085 97.670 0.085 97.490
138  0.025 99.410 0.085 97.650 0.085 97.490
139  0.025 99.424 0.085 97.620 0.085 97.490
140  0.025 99.406 0.085 97.660 0.085 97.490
141  0.025 99.430 0.085 97.640 0.085 97.490
142  0.024 99.438 0.085 97.670 0.085 97.490
143  0.024 99.448 0.085 97.670 0.085 97.490
144  0.024 99.444 0.085 97.660 0.085 97.490
145  0.024 99.454 0.085 97.640 0.085 97.490
146  0.024 99.452 0.085 97.650 0.085 97.490
147  0.024 99.460 0.085 97.620 0.085 97.490
148  0.023 99.472 0.085 97.750 0.085 97.590
149  0.023 99.478 0.086 97.710 0.085 97.590
150  0.023 99.452 0.085 97.700 0.085 97.590
151  0.023 99.484 0.086 97.670 0.085 97.590
152  0.023 99.484 0.085 97.660 0.085 97.590
153  0.023 99.514 0.086 97.690 0.085 97.590
154  0.022 99.502 0.085 97.680 0.085 97.590
155  0.022 99.546 0.086 97.660 0.085 97.590
156  0.022 99.522 0.086 97.670 0.085 97.590
157  0.022 99.540 0.086 97.660 0.085 97.590
158  0.022 99.526 0.086 97.670 0.085 97.590
159  0.022 99.568 0.086 97.700 0.085 97.590
160  0.021 99.550 0.086 97.720 0.085 97.590
161  0.021 99.564 0.086 97.710 0.085 97.590
162  0.021 99.546 0.086 97.690 0.085 97.590
163  0.021 99.576 0.086 97.730 0.085 97.590
164  0.021 99.576 0.086 97.700 0.085 97.590
165  0.021 99.596 0.086 97.660 0.085 97.590
166  0.021 99.586 0.086 97.700 0.085 97.590
167  0.021 99.586 0.086 97.720 0.085 97.590
168  0.020 99.598 0.086 97.690 0.085 97.590
169  0.020 99.602 0.087 97.690 0.085 97.590
170  0.020 99.626 0.086 97.680 0.085 97.590
171  0.020 99.606 0.086 97.710 0.085 97.590
172  0.020 99.608 0.086 97.710 0.085 97.590
173  0.020 99.638 0.087 97.670 0.085 97.590
174  0.020 99.620 0.087 97.690 0.085 97.590
175  0.019 99.630 0.086 97.760 0.087 97.600
176  0.019 99.638 0.087 97.680 0.087 97.600
177  0.019 99.650 0.087 97.700 0.087 97.600
178  0.019 99.644 0.087 97.720 0.087 97.600
179  0.019 99.652 0.086 97.710 0.087 97.600
180  0.019 99.652 0.087 97.700 0.087 97.600
181  0.019 99.652 0.087 97.720 0.087 97.600
182  0.019 99.652 0.087 97.700 0.087 97.600
183  0.018 99.660 0.087 97.710 0.087 97.600
184  0.018 99.676 0.087 97.740 0.087 97.600
185  0.018 99.680 0.087 97.710 0.087 97.600
186  0.018 99.666 0.088 97.730 0.087 97.600
187  0.018 99.676 0.087 97.710 0.087 97.600
188  0.018 99.676 0.087 97.710 0.087 97.600
189  0.018 99.680 0.088 97.690 0.087 97.600
190  0.018 99.684 0.088 97.690 0.087 97.600
191  0.018 99.698 0.088 97.710 0.087 97.600
192  0.017 99.686 0.088 97.670 0.087 97.600
193  0.017 99.698 0.087 97.710 0.087 97.600
194  0.017 99.710 0.087 97.770 0.087 97.630
195  0.017 99.726 0.089 97.700 0.087 97.630
196  0.017 99.720 0.088 97.700 0.087 97.630
197  0.017 99.704 0.088 97.720 0.087 97.630
198  0.017 99.726 0.088 97.690 0.087 97.630
199  0.017 99.724 0.088 97.710 0.087 97.630
