0  0.778 87.244 0.320 94.560 0.324 93.910
1  0.263 95.390 0.226 95.250 0.232 94.490
2  0.199 95.914 0.189 95.780 0.196 95.070
3  0.169 96.290 0.169 96.070 0.176 95.380
4  0.150 96.512 0.157 96.090 0.163 95.570
5  0.137 96.706 0.147 96.170 0.154 95.710
6  0.127 96.844 0.140 96.270 0.147 95.830
7  0.119 96.946 0.135 96.420 0.141 95.970
8  0.113 97.050 0.130 96.520 0.136 96.020
9  0.108 97.164 0.126 96.630 0.132 96.080
10  0.103 97.268 0.123 96.640 0.128 96.210
11  0.099 97.352 0.120 96.640 0.125 96.260
12  0.095 97.422 0.117 96.710 0.122 96.330
13  0.092 97.496 0.115 96.860 0.120 96.380
14  0.089 97.576 0.113 96.940 0.117 96.500
15  0.086 97.638 0.111 96.970 0.115 96.540
16  0.084 97.696 0.109 97.080 0.113 96.580
17  0.082 97.756 0.107 97.080 0.111 96.680
18  0.079 97.820 0.106 97.030 0.111 96.680
19  0.077 97.842 0.105 97.040 0.111 96.680
20  0.075 97.892 0.104 97.030 0.111 96.680
21  0.074 97.958 0.103 97.180 0.106 96.810
22  0.072 98.014 0.101 97.110 0.106 96.810
23  0.070 98.024 0.101 97.170 0.106 96.810
24  0.069 98.036 0.100 97.190 0.102 96.910
25  0.067 98.094 0.099 97.230 0.101 97.000
26  0.066 98.140 0.098 97.250 0.100 97.040
27  0.065 98.194 0.097 97.330 0.099 97.070
28  0.064 98.232 0.097 97.250 0.099 97.070
29  0.063 98.250 0.096 97.230 0.099 97.070
30  0.062 98.280 0.095 97.290 0.099 97.070
31  0.060 98.298 0.095 97.350 0.096 97.210
32  0.059 98.332 0.095 97.330 0.096 97.210
33  0.059 98.394 0.094 97.300 0.096 97.210
34  0.058 98.410 0.093 97.340 0.096 97.210
35  0.057 98.412 0.092 97.460 0.093 97.300
36  0.056 98.464 0.092 97.370 0.093 97.300
37  0.055 98.486 0.092 97.460 0.093 97.300
38  0.054 98.494 0.092 97.380 0.093 97.300
39  0.053 98.530 0.091 97.450 0.093 97.300
40  0.053 98.550 0.091 97.440 0.093 97.300
41  0.052 98.572 0.091 97.380 0.093 97.300
42  0.051 98.598 0.091 97.500 0.091 97.410
43  0.051 98.636 0.090 97.560 0.089 97.460
44  0.050 98.636 0.089 97.500 0.089 97.460
45  0.049 98.670 0.089 97.490 0.089 97.460
46  0.049 98.696 0.089 97.480 0.089 97.460
47  0.048 98.700 0.089 97.510 0.089 97.460
48  0.048 98.706 0.088 97.560 0.089 97.460
49  0.047 98.750 0.087 97.610 0.087 97.480
50  0.047 98.760 0.088 97.580 0.087 97.480
51  0.046 98.754 0.087 97.560 0.087 97.480
52  0.045 98.782 0.087 97.620 0.086 97.500
53  0.045 98.812 0.087 97.610 0.086 97.500
54  0.044 98.824 0.086 97.640 0.086 97.520
55  0.044 98.812 0.087 97.570 0.086 97.520
56  0.043 98.844 0.087 97.610 0.086 97.520
57  0.043 98.836 0.086 97.610 0.086 97.520
58  0.042 98.874 0.086 97.550 0.086 97.520
59  0.042 98.890 0.086 97.610 0.086 97.520
60  0.042 98.886 0.085 97.630 0.086 97.520
61  0.041 98.930 0.085 97.670 0.084 97.560
62  0.041 98.932 0.085 97.590 0.084 97.560
63  0.040 98.944 0.085 97.650 0.084 97.560
64  0.040 98.956 0.085 97.600 0.084 97.560
65  0.039 98.978 0.085 97.680 0.084 97.600
66  0.039 98.988 0.085 97.680 0.083 97.610
67  0.039 99.000 0.084 97.730 0.083 97.600
68  0.038 98.994 0.084 97.660 0.083 97.600
69  0.038 99.026 0.084 97.680 0.083 97.600
70  0.038 99.022 0.084 97.680 0.083 97.600
71  0.037 99.058 0.084 97.770 0.083 97.640
72  0.037 99.072 0.084 97.690 0.083 97.640
73  0.036 99.082 0.084 97.740 0.083 97.640
74  0.036 99.056 0.083 97.740 0.083 97.640
75  0.036 99.092 0.083 97.660 0.083 97.640
76  0.035 99.096 0.083 97.650 0.083 97.640
77  0.035 99.112 0.083 97.700 0.083 97.640
78  0.035 99.138 0.083 97.780 0.082 97.640
79  0.034 99.140 0.083 97.700 0.082 97.640
80  0.034 99.120 0.083 97.740 0.082 97.640
81  0.034 99.166 0.083 97.670 0.082 97.640
82  0.033 99.172 0.084 97.710 0.082 97.640
83  0.033 99.150 0.082 97.660 0.082 97.640
84  0.033 99.182 0.082 97.690 0.082 97.640
85  0.033 99.180 0.083 97.730 0.082 97.640
86  0.032 99.186 0.082 97.690 0.082 97.640
87  0.032 99.208 0.082 97.760 0.082 97.640
88  0.032 99.204 0.082 97.720 0.082 97.640
89  0.031 99.220 0.082 97.700 0.082 97.640
90  0.031 99.228 0.082 97.740 0.082 97.640
91  0.031 99.256 0.082 97.720 0.082 97.640
92  0.031 99.256 0.082 97.740 0.082 97.640
93  0.030 99.242 0.082 97.780 0.080 97.640
94  0.030 99.290 0.082 97.700 0.080 97.640
95  0.030 99.282 0.082 97.700 0.080 97.640
96  0.030 99.280 0.082 97.760 0.080 97.640
97  0.029 99.292 0.081 97.770 0.080 97.640
98  0.029 99.306 0.082 97.740 0.080 97.640
99  0.029 99.322 0.081 97.670 0.080 97.640
100  0.029 99.330 0.082 97.680 0.080 97.640
101  0.028 99.342 0.082 97.740 0.080 97.640
102  0.028 99.334 0.082 97.620 0.080 97.640
103  0.028 99.358 0.081 97.710 0.080 97.640
104  0.028 99.360 0.081 97.720 0.080 97.640
105  0.027 99.372 0.082 97.760 0.080 97.640
106  0.027 99.370 0.082 97.740 0.080 97.640
107  0.027 99.386 0.081 97.770 0.080 97.640
108  0.027 99.398 0.081 97.730 0.080 97.640
109  0.027 99.412 0.081 97.770 0.080 97.640
110  0.026 99.426 0.081 97.750 0.080 97.640
111  0.026 99.432 0.081 97.770 0.080 97.640
112  0.026 99.430 0.082 97.760 0.080 97.640
113  0.026 99.444 0.081 97.710 0.080 97.640
114  0.026 99.424 0.081 97.760 0.080 97.640
115  0.025 99.448 0.081 97.750 0.080 97.640
116  0.025 99.462 0.081 97.790 0.079 97.720
117  0.025 99.460 0.081 97.790 0.079 97.730
118  0.025 99.468 0.082 97.730 0.079 97.730
119  0.024 99.476 0.081 97.780 0.079 97.730
120  0.024 99.474 0.081 97.790 0.079 97.730
121  0.024 99.482 0.081 97.780 0.079 97.730
122  0.024 99.512 0.082 97.760 0.079 97.730
123  0.024 99.508 0.081 97.790 0.079 97.730
124  0.024 99.494 0.082 97.790 0.079 97.730
125  0.023 99.522 0.081 97.800 0.078 97.760
126  0.023 99.516 0.081 97.780 0.078 97.760
127  0.023 99.530 0.082 97.790 0.078 97.760
128  0.023 99.518 0.081 97.780 0.078 97.760
129  0.023 99.546 0.081 97.800 0.078 97.760
130  0.022 99.534 0.081 97.780 0.078 97.760
131  0.022 99.542 0.082 97.810 0.079 97.810
132  0.022 99.538 0.082 97.750 0.079 97.810
133  0.022 99.542 0.082 97.830 0.078 97.830
134  0.022 99.550 0.082 97.820 0.078 97.830
135  0.022 99.554 0.081 97.820 0.078 97.830
136  0.021 99.570 0.082 97.820 0.078 97.830
137  0.021 99.576 0.081 97.790 0.078 97.830
138  0.021 99.572 0.081 97.800 0.078 97.830
139  0.021 99.584 0.081 97.800 0.078 97.830
140  0.021 99.576 0.082 97.830 0.078 97.760
141  0.021 99.582 0.081 97.880 0.079 97.780
142  0.020 99.592 0.081 97.820 0.079 97.780
143  0.020 99.600 0.081 97.850 0.079 97.780
144  0.020 99.588 0.082 97.810 0.079 97.780
145  0.020 99.622 0.081 97.840 0.079 97.780
146  0.020 99.612 0.081 97.840 0.079 97.780
147  0.020 99.622 0.081 97.820 0.079 97.780
148  0.020 99.620 0.082 97.810 0.079 97.780
149  0.019 99.628 0.082 97.830 0.079 97.780
150  0.019 99.614 0.081 97.830 0.079 97.780
151  0.019 99.636 0.082 97.850 0.079 97.780
152  0.019 99.626 0.081 97.780 0.079 97.780
153  0.019 99.630 0.082 97.820 0.079 97.780
154  0.019 99.662 0.081 97.820 0.079 97.780
155  0.018 99.644 0.082 97.810 0.079 97.780
156  0.018 99.658 0.082 97.850 0.079 97.780
157  0.018 99.654 0.082 97.840 0.079 97.780
158  0.018 99.670 0.082 97.810 0.079 97.780
159  0.018 99.662 0.082 97.800 0.079 97.780
160  0.018 99.676 0.082 97.780 0.079 97.780
161  0.018 99.682 0.082 97.820 0.079 97.780
162  0.018 99.686 0.082 97.820 0.079 97.780
163  0.018 99.706 0.082 97.820 0.079 97.780
164  0.017 99.692 0.082 97.790 0.079 97.780
165  0.017 99.712 0.082 97.740 0.079 97.780
166  0.017 99.704 0.082 97.760 0.079 97.780
167  0.017 99.702 0.082 97.840 0.079 97.780
168  0.017 99.716 0.082 97.850 0.079 97.780
169  0.017 99.708 0.082 97.790 0.079 97.780
170  0.017 99.716 0.082 97.800 0.079 97.780
171  0.016 99.722 0.082 97.780 0.079 97.780
172  0.016 99.724 0.082 97.830 0.079 97.780
173  0.016 99.730 0.082 97.830 0.079 97.780
174  0.016 99.746 0.082 97.800 0.079 97.780
175  0.016 99.744 0.082 97.810 0.079 97.780
176  0.016 99.734 0.082 97.840 0.079 97.780
177  0.016 99.740 0.082 97.800 0.079 97.780
178  0.016 99.758 0.082 97.840 0.079 97.780
179  0.016 99.744 0.082 97.830 0.079 97.780
180  0.015 99.752 0.082 97.870 0.079 97.780
181  0.015 99.756 0.083 97.850 0.079 97.780
182  0.015 99.756 0.083 97.840 0.079 97.780
183  0.015 99.764 0.082 97.810 0.079 97.780
184  0.015 99.770 0.082 97.810 0.079 97.780
185  0.015 99.776 0.083 97.800 0.079 97.780
186  0.015 99.782 0.083 97.850 0.079 97.780
187  0.015 99.796 0.083 97.790 0.079 97.780
188  0.015 99.786 0.083 97.790 0.079 97.780
189  0.015 99.792 0.083 97.820 0.079 97.780
190  0.014 99.784 0.083 97.770 0.079 97.780
191  0.014 99.790 0.083 97.810 0.079 97.780
192  0.014 99.802 0.083 97.780 0.079 97.780
193  0.014 99.790 0.083 97.800 0.079 97.780
194  0.014 99.808 0.083 97.790 0.079 97.780
195  0.014 99.802 0.083 97.800 0.079 97.780
196  0.014 99.802 0.083 97.820 0.079 97.780
197  0.014 99.812 0.083 97.780 0.079 97.780
198  0.014 99.810 0.083 97.760 0.079 97.780
199  0.014 99.820 0.083 97.790 0.079 97.780
