0  0.638 89.620 0.256 95.260 0.263 94.730
1  0.211 95.978 0.191 95.710 0.198 95.220
2  0.165 96.426 0.166 95.950 0.173 95.420
3  0.143 96.700 0.152 96.160 0.159 95.650
4  0.129 96.850 0.143 96.210 0.148 95.800
5  0.119 97.036 0.137 96.270 0.141 95.880
6  0.112 97.158 0.132 96.340 0.136 96.010
7  0.106 97.206 0.128 96.410 0.132 96.140
8  0.101 97.292 0.125 96.470 0.128 96.200
9  0.097 97.384 0.122 96.580 0.125 96.290
10  0.093 97.440 0.120 96.610 0.122 96.330
11  0.090 97.510 0.117 96.760 0.120 96.390
12  0.087 97.580 0.116 96.790 0.118 96.430
13  0.085 97.610 0.114 96.670 0.118 96.430
14  0.082 97.672 0.112 96.810 0.114 96.550
15  0.080 97.698 0.111 96.850 0.112 96.540
16  0.078 97.786 0.109 96.950 0.111 96.590
17  0.076 97.818 0.108 97.010 0.110 96.690
18  0.074 97.876 0.107 97.060 0.108 96.680
19  0.073 97.902 0.105 97.100 0.107 96.780
20  0.071 97.952 0.105 97.080 0.107 96.780
21  0.069 97.996 0.103 97.190 0.104 96.840
22  0.068 98.050 0.102 97.240 0.103 96.820
23  0.066 98.082 0.102 97.140 0.103 96.820
24  0.065 98.104 0.101 97.210 0.103 96.820
25  0.064 98.166 0.099 97.290 0.100 96.910
26  0.063 98.174 0.099 97.310 0.099 96.940
27  0.062 98.198 0.098 97.320 0.099 96.970
28  0.060 98.244 0.098 97.260 0.099 96.970
29  0.060 98.266 0.098 97.300 0.099 96.970
30  0.058 98.262 0.097 97.350 0.096 97.120
31  0.058 98.308 0.096 97.310 0.096 97.120
32  0.057 98.324 0.096 97.350 0.096 97.120
33  0.056 98.364 0.095 97.270 0.096 97.120
34  0.055 98.408 0.095 97.310 0.096 97.120
35  0.054 98.394 0.094 97.370 0.094 97.220
36  0.054 98.444 0.094 97.390 0.093 97.210
37  0.053 98.478 0.094 97.380 0.093 97.210
38  0.052 98.470 0.094 97.400 0.093 97.220
39  0.052 98.496 0.093 97.380 0.093 97.220
40  0.051 98.514 0.093 97.360 0.093 97.220
41  0.050 98.550 0.093 97.390 0.093 97.220
42  0.050 98.540 0.092 97.420 0.091 97.240
43  0.049 98.558 0.093 97.380 0.091 97.240
44  0.049 98.570 0.091 97.430 0.091 97.280
45  0.048 98.596 0.092 97.400 0.091 97.280
46  0.048 98.604 0.091 97.410 0.091 97.280
47  0.047 98.614 0.091 97.440 0.090 97.360
48  0.047 98.632 0.091 97.470 0.090 97.300
49  0.046 98.660 0.092 97.400 0.090 97.300
50  0.046 98.670 0.091 97.430 0.090 97.300
51  0.045 98.678 0.091 97.470 0.090 97.300
52  0.045 98.704 0.091 97.400 0.090 97.300
53  0.044 98.686 0.090 97.440 0.090 97.300
54  0.044 98.716 0.090 97.460 0.090 97.300
55  0.044 98.740 0.090 97.470 0.088 97.410
56  0.043 98.790 0.090 97.510 0.088 97.320
57  0.043 98.764 0.090 97.490 0.088 97.320
58  0.042 98.772 0.090 97.490 0.088 97.320
59  0.042 98.822 0.089 97.440 0.088 97.320
60  0.041 98.802 0.089 97.500 0.088 97.320
61  0.041 98.828 0.089 97.490 0.088 97.320
62  0.041 98.846 0.089 97.440 0.088 97.320
63  0.040 98.856 0.089 97.530 0.087 97.440
64  0.040 98.868 0.088 97.510 0.087 97.440
65  0.040 98.842 0.089 97.510 0.087 97.440
66  0.039 98.890 0.089 97.560 0.087 97.450
67  0.039 98.904 0.088 97.550 0.087 97.450
68  0.039 98.922 0.088 97.490 0.087 97.450
69  0.038 98.928 0.088 97.550 0.087 97.450
70  0.038 98.954 0.088 97.630 0.086 97.490
71  0.038 98.974 0.088 97.530 0.086 97.490
72  0.037 98.962 0.088 97.520 0.086 97.490
73  0.037 98.986 0.088 97.610 0.086 97.490
74  0.037 99.002 0.088 97.550 0.086 97.490
75  0.037 99.006 0.087 97.550 0.086 97.490
76  0.036 98.994 0.088 97.510 0.086 97.490
77  0.036 99.020 0.088 97.550 0.086 97.490
78  0.036 99.022 0.088 97.540 0.086 97.490
79  0.035 99.024 0.088 97.540 0.086 97.490
80  0.035 99.050 0.087 97.590 0.086 97.490
81  0.035 99.024 0.088 97.600 0.086 97.490
82  0.035 99.062 0.088 97.580 0.086 97.490
83  0.034 99.060 0.087 97.640 0.085 97.500
84  0.034 99.078 0.087 97.500 0.085 97.500
85  0.034 99.102 0.087 97.560 0.085 97.500
86  0.033 99.084 0.087 97.580 0.085 97.500
87  0.033 99.086 0.087 97.620 0.085 97.500
88  0.033 99.122 0.087 97.640 0.085 97.500
89  0.033 99.120 0.087 97.580 0.085 97.500
90  0.033 99.136 0.087 97.630 0.085 97.500
91  0.032 99.158 0.087 97.670 0.084 97.550
92  0.032 99.128 0.086 97.590 0.084 97.550
93  0.032 99.132 0.087 97.610 0.084 97.550
94  0.032 99.160 0.087 97.620 0.084 97.550
95  0.031 99.196 0.088 97.640 0.084 97.550
96  0.031 99.162 0.087 97.660 0.084 97.550
97  0.031 99.182 0.088 97.530 0.084 97.550
98  0.031 99.184 0.087 97.610 0.084 97.550
99  0.031 99.198 0.087 97.660 0.084 97.550
100  0.030 99.204 0.087 97.620 0.084 97.550
101  0.030 99.228 0.087 97.600 0.084 97.550
102  0.030 99.216 0.087 97.680 0.084 97.550
103  0.030 99.214 0.087 97.580 0.084 97.550
104  0.029 99.240 0.087 97.610 0.084 97.550
105  0.029 99.250 0.086 97.620 0.084 97.550
106  0.029 99.246 0.087 97.620 0.084 97.550
107  0.029 99.240 0.087 97.630 0.084 97.550
108  0.029 99.266 0.086 97.580 0.084 97.550
109  0.029 99.266 0.086 97.610 0.084 97.550
110  0.028 99.258 0.087 97.590 0.084 97.550
111  0.028 99.288 0.087 97.630 0.084 97.550
112  0.028 99.280 0.087 97.590 0.084 97.550
113  0.028 99.274 0.087 97.620 0.084 97.550
114  0.028 99.280 0.086 97.660 0.084 97.550
115  0.027 99.294 0.087 97.630 0.084 97.550
116  0.027 99.290 0.087 97.580 0.084 97.550
117  0.027 99.280 0.087 97.620 0.084 97.550
118  0.027 99.306 0.087 97.570 0.084 97.550
119  0.027 99.306 0.087 97.620 0.084 97.550
120  0.027 99.340 0.087 97.580 0.084 97.550
121  0.026 99.330 0.088 97.580 0.084 97.550
122  0.026 99.324 0.087 97.590 0.084 97.550
123  0.026 99.328 0.087 97.630 0.084 97.550
124  0.026 99.350 0.087 97.590 0.084 97.550
125  0.026 99.340 0.087 97.610 0.084 97.550
126  0.026 99.362 0.087 97.620 0.084 97.550
127  0.026 99.342 0.087 97.620 0.084 97.550
128  0.025 99.370 0.087 97.550 0.084 97.550
129  0.025 99.360 0.087 97.620 0.084 97.550
130  0.025 99.360 0.087 97.610 0.084 97.550
131  0.025 99.368 0.087 97.590 0.084 97.550
132  0.025 99.374 0.087 97.590 0.084 97.550
133  0.025 99.394 0.087 97.610 0.084 97.550
134  0.024 99.384 0.087 97.610 0.084 97.550
135  0.024 99.384 0.087 97.620 0.084 97.550
136  0.024 99.404 0.088 97.600 0.084 97.550
137  0.024 99.388 0.087 97.590 0.084 97.550
138  0.024 99.408 0.088 97.600 0.084 97.550
139  0.024 99.410 0.088 97.570 0.084 97.550
140  0.024 99.394 0.087 97.600 0.084 97.550
141  0.023 99.424 0.087 97.610 0.084 97.550
142  0.023 99.416 0.087 97.580 0.084 97.550
143  0.023 99.424 0.088 97.620 0.084 97.550
144  0.023 99.430 0.087 97.580 0.084 97.550
145  0.023 99.448 0.088 97.590 0.084 97.550
146  0.023 99.440 0.088 97.590 0.084 97.550
147  0.023 99.448 0.088 97.640 0.084 97.550
148  0.023 99.446 0.088 97.590 0.084 97.550
149  0.022 99.460 0.088 97.650 0.084 97.550
150  0.022 99.460 0.088 97.630 0.084 97.550
151  0.022 99.458 0.088 97.580 0.084 97.550
152  0.022 99.454 0.088 97.600 0.084 97.550
153  0.022 99.460 0.088 97.640 0.084 97.550
154  0.022 99.484 0.087 97.620 0.084 97.550
155  0.022 99.464 0.088 97.620 0.084 97.550
156  0.022 99.488 0.088 97.630 0.084 97.550
157  0.021 99.478 0.089 97.600 0.084 97.550
158  0.021 99.496 0.088 97.610 0.084 97.550
159  0.021 99.486 0.088 97.590 0.084 97.550
160  0.021 99.480 0.088 97.660 0.084 97.550
161  0.021 99.500 0.088 97.600 0.084 97.550
162  0.021 99.500 0.088 97.600 0.084 97.550
163  0.021 99.506 0.088 97.630 0.084 97.550
164  0.021 99.518 0.088 97.620 0.084 97.550
165  0.020 99.536 0.089 97.620 0.084 97.550
166  0.020 99.516 0.088 97.590 0.084 97.550
167  0.020 99.504 0.088 97.650 0.084 97.550
168  0.020 99.522 0.088 97.630 0.084 97.550
169  0.020 99.542 0.089 97.590 0.084 97.550
170  0.020 99.532 0.089 97.640 0.084 97.550
171  0.020 99.522 0.088 97.650 0.084 97.550
172  0.020 99.532 0.089 97.660 0.084 97.550
173  0.020 99.534 0.089 97.600 0.084 97.550
174  0.019 99.558 0.089 97.640 0.084 97.550
175  0.019 99.546 0.089 97.620 0.084 97.550
176  0.019 99.552 0.089 97.640 0.084 97.550
177  0.019 99.544 0.089 97.660 0.084 97.550
178  0.019 99.556 0.089 97.610 0.084 97.550
179  0.019 99.560 0.089 97.670 0.084 97.550
180  0.019 99.582 0.089 97.630 0.084 97.550
181  0.019 99.564 0.089 97.670 0.084 97.550
182  0.019 99.562 0.089 97.670 0.084 97.550
183  0.019 99.578 0.089 97.620 0.084 97.550
184  0.018 99.586 0.089 97.650 0.084 97.550
185  0.018 99.588 0.089 97.650 0.084 97.550
186  0.018 99.588 0.090 97.660 0.084 97.550
187  0.018 99.598 0.089 97.650 0.084 97.550
188  0.018 99.606 0.089 97.680 0.084 97.550
189  0.018 99.604 0.090 97.690 0.084 97.660
190  0.018 99.622 0.090 97.640 0.084 97.660
191  0.018 99.606 0.090 97.670 0.084 97.660
192  0.018 99.632 0.090 97.680 0.084 97.660
193  0.018 99.616 0.090 97.690 0.084 97.660
194  0.017 99.630 0.090 97.610 0.084 97.660
195  0.017 99.630 0.090 97.680 0.084 97.660
196  0.017 99.634 0.090 97.670 0.084 97.660
197  0.017 99.640 0.089 97.620 0.084 97.660
198  0.017 99.648 0.090 97.680 0.084 97.660
199  0.017 99.650 0.089 97.680 0.084 97.660
