0  0.660 89.582 0.266 95.270 0.271 94.920
1  0.217 96.086 0.196 95.770 0.201 95.190
2  0.169 96.452 0.169 96.000 0.175 95.440
3  0.145 96.684 0.155 96.100 0.160 95.560
4  0.131 96.870 0.145 96.310 0.150 95.730
5  0.121 96.998 0.139 96.380 0.143 95.880
6  0.114 97.110 0.134 96.350 0.143 95.880
7  0.108 97.180 0.131 96.470 0.134 95.990
8  0.103 97.258 0.128 96.450 0.134 95.990
9  0.099 97.306 0.125 96.620 0.128 96.020
10  0.096 97.404 0.123 96.630 0.125 96.100
11  0.093 97.440 0.121 96.610 0.125 96.100
12  0.090 97.490 0.120 96.700 0.121 96.150
13  0.088 97.506 0.118 96.710 0.120 96.240
14  0.086 97.550 0.117 96.780 0.118 96.250
15  0.084 97.598 0.116 96.760 0.118 96.250
16  0.083 97.614 0.115 96.770 0.118 96.250
17  0.081 97.666 0.114 96.860 0.115 96.330
18  0.080 97.678 0.114 96.860 0.115 96.330
19  0.078 97.696 0.112 96.850 0.115 96.330
20  0.077 97.732 0.112 96.890 0.112 96.460
21  0.076 97.730 0.112 96.870 0.112 96.460
22  0.075 97.780 0.111 96.870 0.112 96.460
23  0.074 97.796 0.111 96.950 0.110 96.530
24  0.073 97.798 0.109 96.990 0.110 96.500
25  0.072 97.832 0.109 96.930 0.110 96.500
26  0.071 97.836 0.108 96.970 0.110 96.500
27  0.070 97.870 0.108 96.960 0.110 96.500
28  0.069 97.884 0.108 96.970 0.110 96.500
29  0.068 97.874 0.108 96.980 0.110 96.500
30  0.068 97.910 0.107 96.980 0.110 96.500
31  0.067 97.904 0.107 97.000 0.106 96.760
32  0.066 97.946 0.106 97.030 0.105 96.650
33  0.065 97.992 0.106 96.940 0.105 96.650
34  0.065 97.974 0.106 97.030 0.105 96.650
35  0.064 98.006 0.105 97.080 0.104 96.810
36  0.063 98.010 0.104 97.050 0.104 96.810
37  0.063 98.060 0.104 97.070 0.104 96.810
38  0.062 98.066 0.104 97.090 0.102 96.880
39  0.061 98.090 0.104 97.100 0.102 96.880
40  0.061 98.098 0.103 97.100 0.102 96.880
41  0.060 98.142 0.103 97.110 0.101 96.930
42  0.059 98.146 0.102 97.140 0.100 96.920
43  0.059 98.160 0.102 97.130 0.100 96.920
44  0.058 98.188 0.101 97.140 0.100 96.920
45  0.058 98.214 0.101 97.160 0.099 96.980
46  0.057 98.232 0.101 97.120 0.099 96.980
47  0.056 98.260 0.100 97.120 0.099 96.980
48  0.056 98.250 0.100 97.150 0.099 96.980
49  0.055 98.254 0.100 97.220 0.097 96.950
50  0.055 98.286 0.099 97.150 0.097 96.950
51  0.054 98.324 0.099 97.180 0.097 96.950
52  0.053 98.352 0.098 97.150 0.097 96.950
53  0.053 98.368 0.098 97.140 0.097 96.950
54  0.052 98.356 0.098 97.170 0.097 96.950
55  0.052 98.382 0.098 97.220 0.095 97.060
56  0.051 98.388 0.098 97.230 0.096 97.020
57  0.051 98.424 0.097 97.170 0.096 97.020
58  0.050 98.420 0.097 97.190 0.096 97.020
59  0.050 98.454 0.097 97.220 0.096 97.020
60  0.049 98.462 0.096 97.220 0.096 97.020
61  0.049 98.462 0.097 97.230 0.096 97.020
62  0.049 98.488 0.096 97.210 0.096 97.020
63  0.048 98.500 0.097 97.250 0.094 97.060
64  0.048 98.514 0.096 97.210 0.094 97.060
65  0.048 98.544 0.096 97.330 0.094 97.080
66  0.047 98.548 0.096 97.250 0.094 97.080
67  0.047 98.528 0.096 97.310 0.094 97.080
68  0.047 98.550 0.096 97.320 0.094 97.080
69  0.046 98.578 0.095 97.280 0.094 97.080
70  0.046 98.570 0.095 97.310 0.094 97.080
71  0.046 98.606 0.096 97.370 0.093 97.190
72  0.045 98.574 0.095 97.330 0.093 97.190
73  0.045 98.618 0.095 97.340 0.093 97.190
74  0.045 98.634 0.095 97.350 0.093 97.190
75  0.044 98.638 0.095 97.380 0.092 97.110
76  0.044 98.634 0.095 97.330 0.092 97.110
77  0.044 98.654 0.095 97.350 0.092 97.110
78  0.044 98.642 0.095 97.350 0.092 97.110
79  0.043 98.674 0.095 97.320 0.092 97.110
80  0.043 98.670 0.095 97.280 0.092 97.110
81  0.043 98.696 0.095 97.340 0.092 97.110
82  0.043 98.710 0.095 97.350 0.092 97.110
83  0.042 98.706 0.095 97.380 0.092 97.110
84  0.042 98.726 0.094 97.400 0.091 97.210
85  0.042 98.726 0.095 97.390 0.091 97.210
86  0.042 98.748 0.094 97.390 0.091 97.210
87  0.041 98.734 0.094 97.380 0.091 97.210
88  0.041 98.760 0.094 97.390 0.091 97.210
89  0.041 98.732 0.094 97.370 0.091 97.210
90  0.041 98.768 0.094 97.420 0.090 97.270
91  0.041 98.754 0.094 97.430 0.090 97.260
92  0.040 98.742 0.094 97.420 0.090 97.260
93  0.040 98.774 0.094 97.420 0.090 97.260
94  0.040 98.812 0.094 97.390 0.090 97.260
95  0.040 98.794 0.094 97.420 0.090 97.260
96  0.039 98.792 0.094 97.450 0.089 97.260
97  0.039 98.798 0.094 97.460 0.089 97.270
98  0.039 98.822 0.094 97.470 0.089 97.220
99  0.039 98.826 0.093 97.420 0.089 97.220
100  0.038 98.838 0.094 97.440 0.089 97.220
101  0.038 98.838 0.094 97.410 0.089 97.220
102  0.038 98.836 0.093 97.430 0.089 97.220
103  0.038 98.844 0.093 97.420 0.089 97.220
104  0.038 98.862 0.093 97.450 0.089 97.220
105  0.038 98.888 0.094 97.430 0.089 97.220
106  0.037 98.898 0.093 97.480 0.089 97.300
107  0.037 98.890 0.094 97.440 0.089 97.300
108  0.037 98.902 0.093 97.490 0.089 97.290
109  0.037 98.916 0.093 97.490 0.088 97.330
110  0.036 98.908 0.093 97.500 0.088 97.330
111  0.036 98.936 0.093 97.520 0.088 97.280
112  0.036 98.934 0.093 97.510 0.088 97.280
113  0.036 98.930 0.093 97.470 0.088 97.280
114  0.036 98.962 0.093 97.460 0.088 97.280
115  0.035 98.944 0.093 97.500 0.088 97.280
116  0.035 98.974 0.093 97.460 0.088 97.280
117  0.035 98.948 0.093 97.480 0.088 97.280
118  0.035 98.980 0.093 97.500 0.088 97.280
119  0.035 98.986 0.093 97.500 0.088 97.280
120  0.035 98.998 0.093 97.530 0.087 97.380
121  0.034 99.010 0.093 97.490 0.087 97.380
122  0.034 98.990 0.093 97.480 0.087 97.380
123  0.034 99.014 0.092 97.530 0.087 97.380
124  0.034 99.008 0.093 97.540 0.087 97.380
125  0.034 99.018 0.093 97.520 0.087 97.380
126  0.034 99.022 0.092 97.480 0.087 97.380
127  0.033 99.030 0.093 97.490 0.087 97.380
128  0.033 99.046 0.093 97.530 0.087 97.380
129  0.033 99.042 0.093 97.530 0.087 97.380
130  0.033 99.058 0.093 97.520 0.087 97.380
131  0.033 99.036 0.093 97.490 0.087 97.380
132  0.033 99.058 0.092 97.520 0.087 97.380
133  0.032 99.066 0.092 97.510 0.087 97.380
134  0.032 99.084 0.092 97.550 0.086 97.480
135  0.032 99.090 0.092 97.530 0.086 97.480
136  0.032 99.092 0.092 97.540 0.086 97.480
137  0.032 99.094 0.093 97.530 0.086 97.480
138  0.032 99.102 0.093 97.510 0.086 97.480
139  0.031 99.110 0.093 97.560 0.086 97.450
140  0.031 99.106 0.093 97.570 0.086 97.470
141  0.031 99.118 0.092 97.560 0.086 97.470
142  0.031 99.114 0.093 97.570 0.086 97.470
143  0.031 99.122 0.092 97.560 0.086 97.470
144  0.031 99.130 0.092 97.570 0.086 97.470
145  0.030 99.134 0.093 97.560 0.086 97.470
146  0.030 99.144 0.093 97.550 0.086 97.470
147  0.030 99.166 0.093 97.540 0.086 97.470
148  0.030 99.146 0.093 97.590 0.086 97.490
149  0.030 99.168 0.092 97.560 0.086 97.490
150  0.030 99.168 0.093 97.570 0.086 97.490
151  0.030 99.170 0.092 97.590 0.086 97.490
152  0.030 99.176 0.092 97.560 0.086 97.490
153  0.029 99.182 0.092 97.580 0.086 97.490
154  0.029 99.182 0.093 97.600 0.086 97.540
155  0.029 99.188 0.092 97.560 0.086 97.540
156  0.029 99.180 0.092 97.560 0.086 97.540
157  0.029 99.174 0.092 97.530 0.086 97.540
158  0.029 99.198 0.093 97.610 0.086 97.530
159  0.029 99.204 0.093 97.590 0.086 97.530
160  0.028 99.204 0.093 97.620 0.085 97.470
161  0.028 99.230 0.092 97.610 0.085 97.470
162  0.028 99.228 0.093 97.560 0.085 97.470
163  0.028 99.220 0.093 97.560 0.085 97.470
164  0.028 99.232 0.093 97.610 0.085 97.470
165  0.028 99.232 0.093 97.560 0.085 97.470
166  0.028 99.234 0.092 97.580 0.085 97.470
167  0.028 99.230 0.092 97.590 0.085 97.470
168  0.027 99.244 0.093 97.610 0.085 97.470
169  0.027 99.248 0.093 97.590 0.085 97.470
170  0.027 99.274 0.093 97.580 0.085 97.470
171  0.027 99.258 0.093 97.600 0.085 97.470
172  0.027 99.272 0.093 97.540 0.085 97.470
173  0.027 99.272 0.093 97.540 0.085 97.470
174  0.027 99.268 0.093 97.600 0.085 97.470
175  0.027 99.286 0.093 97.560 0.085 97.470
176  0.026 99.268 0.093 97.580 0.085 97.470
177  0.026 99.280 0.093 97.590 0.085 97.470
178  0.026 99.288 0.093 97.580 0.085 97.470
179  0.026 99.306 0.093 97.590 0.085 97.470
180  0.026 99.292 0.093 97.610 0.085 97.470
181  0.026 99.312 0.093 97.580 0.085 97.470
182  0.026 99.314 0.093 97.600 0.085 97.470
183  0.026 99.316 0.094 97.590 0.085 97.470
184  0.025 99.308 0.093 97.620 0.085 97.560
185  0.025 99.326 0.093 97.630 0.084 97.530
186  0.025 99.320 0.093 97.610 0.084 97.530
187  0.025 99.336 0.093 97.640 0.085 97.560
188  0.025 99.338 0.093 97.610 0.085 97.560
189  0.025 99.338 0.093 97.590 0.085 97.560
190  0.025 99.342 0.093 97.630 0.085 97.560
191  0.025 99.338 0.093 97.600 0.085 97.560
192  0.025 99.354 0.093 97.600 0.085 97.560
193  0.025 99.346 0.093 97.640 0.084 97.600
194  0.024 99.370 0.093 97.610 0.084 97.600
195  0.024 99.364 0.094 97.620 0.084 97.600
196  0.024 99.370 0.093 97.560 0.084 97.600
197  0.024 99.358 0.093 97.570 0.084 97.600
198  0.024 99.378 0.093 97.640 0.084 97.600
199  0.024 99.406 0.094 97.590 0.084 97.600
