0  0.645 89.516 0.257 95.170 0.264 94.800
1  0.210 96.084 0.189 95.770 0.196 95.350
2  0.162 96.598 0.162 96.130 0.170 95.630
3  0.138 96.870 0.148 96.280 0.154 95.760
4  0.124 97.068 0.139 96.440 0.144 95.950
5  0.114 97.192 0.132 96.630 0.137 96.050
6  0.106 97.342 0.127 96.690 0.131 96.110
7  0.100 97.424 0.123 96.740 0.127 96.310
8  0.095 97.498 0.119 96.830 0.122 96.350
9  0.091 97.584 0.116 96.890 0.119 96.460
10  0.087 97.630 0.114 96.940 0.116 96.440
11  0.084 97.714 0.111 96.960 0.114 96.560
12  0.081 97.768 0.110 96.980 0.112 96.630
13  0.078 97.810 0.108 97.090 0.110 96.620
14  0.076 97.900 0.106 97.060 0.110 96.620
15  0.074 97.918 0.105 97.030 0.110 96.620
16  0.072 97.954 0.104 97.090 0.110 96.620
17  0.070 98.004 0.103 97.130 0.103 96.770
18  0.068 98.054 0.102 97.190 0.103 96.840
19  0.067 98.050 0.101 97.130 0.103 96.840
20  0.065 98.132 0.101 97.180 0.103 96.840
21  0.064 98.162 0.100 97.260 0.100 96.970
22  0.063 98.216 0.099 97.200 0.100 96.970
23  0.062 98.218 0.099 97.250 0.100 96.970
24  0.060 98.248 0.098 97.210 0.100 96.970
25  0.059 98.278 0.097 97.260 0.100 96.970
26  0.058 98.324 0.097 97.280 0.096 97.080
27  0.058 98.334 0.096 97.300 0.096 97.140
28  0.057 98.380 0.096 97.270 0.096 97.140
29  0.056 98.396 0.096 97.300 0.095 97.070
30  0.055 98.438 0.095 97.350 0.093 97.130
31  0.054 98.436 0.095 97.400 0.094 97.200
32  0.053 98.472 0.095 97.380 0.094 97.200
33  0.053 98.488 0.095 97.340 0.094 97.200
34  0.052 98.504 0.094 97.390 0.094 97.200
35  0.051 98.502 0.093 97.390 0.094 97.200
36  0.051 98.546 0.093 97.470 0.091 97.280
37  0.050 98.564 0.093 97.520 0.091 97.300
38  0.049 98.586 0.093 97.460 0.091 97.300
39  0.049 98.582 0.092 97.440 0.091 97.300
40  0.048 98.620 0.093 97.460 0.091 97.300
41  0.048 98.672 0.093 97.410 0.091 97.300
42  0.047 98.652 0.093 97.550 0.090 97.310
43  0.047 98.682 0.092 97.580 0.089 97.400
44  0.046 98.690 0.092 97.530 0.089 97.400
45  0.046 98.706 0.091 97.550 0.089 97.400
46  0.045 98.742 0.092 97.510 0.089 97.400
47  0.045 98.722 0.091 97.580 0.088 97.410
48  0.044 98.768 0.091 97.540 0.088 97.410
49  0.044 98.774 0.091 97.550 0.088 97.410
50  0.043 98.772 0.091 97.570 0.088 97.410
51  0.043 98.774 0.090 97.490 0.088 97.410
52  0.042 98.780 0.090 97.580 0.088 97.410
53  0.042 98.808 0.090 97.620 0.087 97.420
54  0.042 98.832 0.090 97.590 0.087 97.420
55  0.041 98.822 0.090 97.520 0.087 97.420
56  0.041 98.840 0.090 97.580 0.087 97.420
57  0.040 98.856 0.090 97.570 0.087 97.420
58  0.040 98.876 0.090 97.610 0.087 97.420
59  0.040 98.888 0.090 97.590 0.087 97.420
60  0.039 98.890 0.089 97.620 0.087 97.420
61  0.039 98.864 0.089 97.630 0.086 97.490
62  0.039 98.880 0.089 97.540 0.086 97.490
63  0.038 98.894 0.090 97.520 0.086 97.490
64  0.038 98.918 0.089 97.580 0.086 97.490
65  0.038 98.940 0.089 97.550 0.086 97.490
66  0.037 98.974 0.089 97.600 0.086 97.490
67  0.037 98.944 0.089 97.540 0.086 97.490
68  0.037 98.968 0.089 97.580 0.086 97.490
69  0.036 98.980 0.089 97.590 0.086 97.490
70  0.036 98.988 0.089 97.570 0.086 97.490
71  0.036 98.990 0.089 97.550 0.086 97.490
72  0.036 99.004 0.089 97.550 0.086 97.490
73  0.035 99.006 0.089 97.580 0.086 97.490
74  0.035 99.024 0.089 97.610 0.086 97.490
75  0.035 99.042 0.088 97.610 0.086 97.490
76  0.034 99.050 0.088 97.600 0.086 97.490
77  0.034 99.046 0.088 97.580 0.086 97.490
78  0.034 99.076 0.088 97.630 0.084 97.620
79  0.034 99.078 0.089 97.560 0.084 97.620
80  0.033 99.092 0.088 97.590 0.084 97.620
81  0.033 99.104 0.088 97.600 0.084 97.620
82  0.033 99.116 0.089 97.590 0.084 97.620
83  0.033 99.120 0.088 97.600 0.084 97.620
84  0.032 99.126 0.088 97.590 0.084 97.620
85  0.032 99.128 0.088 97.620 0.084 97.620
86  0.032 99.134 0.088 97.590 0.084 97.620
87  0.032 99.142 0.088 97.640 0.084 97.540
88  0.032 99.146 0.088 97.590 0.084 97.540
89  0.031 99.156 0.088 97.590 0.084 97.540
90  0.031 99.154 0.088 97.570 0.084 97.540
91  0.031 99.180 0.089 97.600 0.084 97.540
92  0.031 99.172 0.088 97.630 0.084 97.540
93  0.030 99.182 0.088 97.640 0.084 97.540
94  0.030 99.166 0.088 97.620 0.084 97.540
95  0.030 99.218 0.088 97.630 0.084 97.540
96  0.030 99.176 0.088 97.600 0.084 97.540
97  0.029 99.214 0.088 97.630 0.084 97.540
98  0.029 99.208 0.088 97.630 0.084 97.540
99  0.029 99.226 0.088 97.610 0.084 97.540
100  0.029 99.230 0.088 97.650 0.083 97.670
101  0.029 99.228 0.088 97.640 0.083 97.670
102  0.028 99.236 0.088 97.600 0.083 97.670
103  0.028 99.242 0.088 97.650 0.083 97.670
104  0.028 99.234 0.088 97.630 0.083 97.670
105  0.028 99.280 0.089 97.630 0.083 97.670
106  0.028 99.260 0.089 97.650 0.083 97.670
107  0.027 99.260 0.088 97.660 0.082 97.670
108  0.027 99.274 0.088 97.630 0.082 97.670
109  0.027 99.304 0.088 97.630 0.082 97.670
110  0.027 99.300 0.088 97.650 0.082 97.670
111  0.027 99.306 0.088 97.660 0.082 97.650
112  0.027 99.310 0.088 97.600 0.082 97.650
113  0.026 99.314 0.088 97.650 0.082 97.650
114  0.026 99.346 0.088 97.680 0.082 97.670
115  0.026 99.340 0.089 97.660 0.082 97.670
116  0.026 99.352 0.089 97.650 0.082 97.670
117  0.026 99.334 0.088 97.650 0.082 97.670
118  0.025 99.364 0.089 97.670 0.082 97.670
119  0.025 99.370 0.089 97.630 0.082 97.670
120  0.025 99.356 0.088 97.650 0.082 97.670
121  0.025 99.368 0.088 97.670 0.082 97.670
122  0.025 99.374 0.089 97.650 0.082 97.670
123  0.025 99.386 0.088 97.640 0.082 97.670
124  0.024 99.394 0.088 97.690 0.082 97.690
125  0.024 99.392 0.088 97.690 0.082 97.650
126  0.024 99.396 0.088 97.660 0.082 97.650
127  0.024 99.412 0.089 97.650 0.082 97.650
128  0.024 99.398 0.088 97.670 0.082 97.650
129  0.024 99.410 0.088 97.640 0.082 97.650
130  0.023 99.432 0.089 97.700 0.082 97.720
131  0.023 99.410 0.089 97.700 0.082 97.730
132  0.023 99.442 0.089 97.670 0.082 97.730
133  0.023 99.424 0.089 97.680 0.082 97.730
134  0.023 99.450 0.089 97.680 0.082 97.730
135  0.023 99.438 0.088 97.690 0.082 97.730
136  0.022 99.458 0.089 97.690 0.082 97.730
137  0.022 99.464 0.088 97.700 0.082 97.730
138  0.022 99.476 0.088 97.700 0.082 97.730
139  0.022 99.484 0.088 97.670 0.082 97.730
140  0.022 99.482 0.089 97.670 0.082 97.730
141  0.022 99.480 0.088 97.690 0.082 97.730
142  0.022 99.502 0.088 97.690 0.082 97.730
143  0.021 99.500 0.089 97.690 0.082 97.730
144  0.021 99.498 0.089 97.740 0.082 97.680
145  0.021 99.504 0.089 97.760 0.081 97.720
146  0.021 99.510 0.089 97.690 0.081 97.720
147  0.021 99.534 0.089 97.670 0.081 97.720
148  0.021 99.520 0.089 97.690 0.081 97.720
149  0.021 99.524 0.089 97.680 0.081 97.720
150  0.020 99.528 0.088 97.680 0.081 97.720
151  0.020 99.528 0.089 97.700 0.081 97.720
152  0.020 99.538 0.089 97.710 0.081 97.720
153  0.020 99.554 0.090 97.760 0.081 97.720
154  0.020 99.558 0.088 97.720 0.081 97.720
155  0.020 99.566 0.089 97.720 0.081 97.720
156  0.020 99.558 0.089 97.740 0.081 97.720
157  0.019 99.554 0.089 97.760 0.081 97.720
158  0.019 99.576 0.089 97.690 0.081 97.720
159  0.019 99.570 0.089 97.720 0.081 97.720
160  0.019 99.570 0.089 97.730 0.081 97.720
161  0.019 99.590 0.089 97.730 0.081 97.720
162  0.019 99.576 0.089 97.700 0.081 97.720
163  0.019 99.588 0.089 97.770 0.081 97.750
164  0.019 99.588 0.090 97.730 0.081 97.750
165  0.019 99.610 0.089 97.720 0.081 97.750
166  0.018 99.602 0.089 97.700 0.081 97.750
167  0.018 99.606 0.090 97.740 0.081 97.750
168  0.018 99.618 0.089 97.730 0.081 97.750
169  0.018 99.612 0.089 97.720 0.081 97.750
170  0.018 99.632 0.089 97.800 0.082 97.700
171  0.018 99.638 0.089 97.720 0.082 97.700
172  0.018 99.632 0.090 97.750 0.082 97.700
173  0.018 99.628 0.090 97.780 0.082 97.700
174  0.017 99.656 0.090 97.750 0.082 97.700
175  0.017 99.640 0.090 97.720 0.082 97.700
176  0.017 99.650 0.090 97.780 0.082 97.700
177  0.017 99.652 0.090 97.700 0.082 97.700
178  0.017 99.656 0.090 97.750 0.082 97.700
179  0.017 99.666 0.090 97.760 0.082 97.700
180  0.017 99.666 0.090 97.770 0.082 97.700
181  0.017 99.656 0.090 97.790 0.082 97.700
182  0.017 99.680 0.090 97.790 0.082 97.700
183  0.016 99.666 0.090 97.730 0.082 97.700
184  0.016 99.684 0.090 97.750 0.082 97.700
185  0.016 99.682 0.091 97.800 0.082 97.700
186  0.016 99.688 0.091 97.810 0.082 97.690
187  0.016 99.666 0.091 97.770 0.082 97.690
188  0.016 99.696 0.091 97.760 0.082 97.690
189  0.016 99.700 0.091 97.810 0.082 97.690
190  0.016 99.694 0.091 97.710 0.082 97.690
191  0.016 99.712 0.091 97.730 0.082 97.690
192  0.016 99.702 0.091 97.730 0.082 97.690
193  0.015 99.718 0.091 97.760 0.082 97.690
194  0.015 99.716 0.092 97.760 0.082 97.690
195  0.015 99.710 0.091 97.830 0.081 97.750
196  0.015 99.724 0.091 97.810 0.081 97.750
197  0.015 99.724 0.091 97.810 0.081 97.750
198  0.015 99.722 0.091 97.780 0.081 97.750
199  0.015 99.748 0.091 97.790 0.081 97.750
