0  1.697 56.854 1.103 82.990 1.103 81.730
1  0.723 86.626 0.467 90.270 0.479 89.700
2  0.418 90.390 0.344 92.110 0.358 91.630
3  0.334 91.840 0.291 92.980 0.304 92.430
4  0.289 92.620 0.258 93.600 0.269 93.080
5  0.259 93.242 0.235 94.100 0.245 93.590
6  0.237 93.628 0.219 94.300 0.227 93.810
7  0.220 94.036 0.207 94.550 0.214 94.180
8  0.207 94.324 0.197 94.660 0.204 94.450
9  0.196 94.542 0.191 94.910 0.197 94.760
10  0.188 94.802 0.183 95.030 0.189 94.820
11  0.180 94.990 0.177 95.190 0.182 94.900
12  0.173 95.154 0.172 95.340 0.178 95.000
13  0.167 95.268 0.169 95.440 0.173 95.140
14  0.161 95.448 0.165 95.480 0.170 95.170
15  0.157 95.592 0.160 95.650 0.165 95.390
16  0.152 95.720 0.156 95.680 0.160 95.460
17  0.147 95.826 0.153 95.760 0.157 95.590
18  0.143 95.934 0.151 95.790 0.154 95.600
19  0.139 96.024 0.148 95.880 0.152 95.710
20  0.136 96.190 0.146 95.880 0.152 95.710
21  0.132 96.248 0.143 95.960 0.146 95.800
22  0.129 96.322 0.141 96.090 0.144 96.010
23  0.126 96.460 0.139 96.050 0.144 96.010
24  0.123 96.538 0.138 96.200 0.139 96.050
25  0.121 96.580 0.136 96.260 0.137 96.100
26  0.118 96.680 0.134 96.260 0.136 96.170
27  0.115 96.754 0.132 96.280 0.133 96.180
28  0.113 96.848 0.131 96.270 0.133 96.180
29  0.111 96.914 0.129 96.410 0.129 96.210
30  0.108 96.998 0.130 96.470 0.129 96.330
31  0.106 97.018 0.128 96.420 0.129 96.330
32  0.104 97.140 0.127 96.480 0.124 96.310
33  0.102 97.104 0.126 96.540 0.124 96.370
34  0.100 97.226 0.124 96.610 0.122 96.410
35  0.099 97.264 0.123 96.480 0.122 96.410
36  0.097 97.382 0.123 96.600 0.122 96.410
37  0.095 97.378 0.123 96.650 0.121 96.500
38  0.093 97.446 0.121 96.680 0.118 96.490
39  0.092 97.468 0.120 96.720 0.117 96.570
40  0.091 97.490 0.119 96.690 0.117 96.570
41  0.089 97.554 0.118 96.680 0.117 96.570
42  0.087 97.582 0.118 96.650 0.117 96.570
43  0.086 97.624 0.117 96.690 0.117 96.570
44  0.085 97.656 0.117 96.690 0.117 96.570
45  0.083 97.714 0.116 96.760 0.111 96.690
46  0.082 97.712 0.115 96.730 0.111 96.690
47  0.081 97.736 0.114 96.750 0.111 96.690
48  0.080 97.814 0.112 96.800 0.108 96.750
49  0.078 97.822 0.113 96.830 0.108 96.820
50  0.077 97.840 0.113 96.760 0.108 96.820
51  0.076 97.854 0.112 96.770 0.108 96.820
52  0.075 97.900 0.111 96.810 0.108 96.820
53  0.074 97.918 0.111 96.750 0.108 96.820
54  0.073 97.936 0.111 96.910 0.105 96.910
55  0.072 98.032 0.109 96.770 0.105 96.910
56  0.071 98.022 0.109 96.810 0.105 96.910
57  0.071 98.022 0.109 96.900 0.105 96.910
58  0.070 98.040 0.107 96.860 0.105 96.910
59  0.069 98.082 0.108 96.800 0.105 96.910
60  0.068 98.074 0.107 96.830 0.105 96.910
61  0.067 98.094 0.109 96.910 0.104 96.950
62  0.066 98.126 0.107 96.870 0.104 96.950
63  0.065 98.194 0.107 96.960 0.101 96.970
64  0.065 98.214 0.107 96.920 0.101 96.970
65  0.064 98.256 0.106 96.980 0.101 97.090
66  0.063 98.264 0.106 96.960 0.101 97.090
67  0.063 98.212 0.105 96.990 0.100 97.060
68  0.062 98.260 0.104 97.060 0.100 97.020
69  0.061 98.304 0.105 96.910 0.100 97.020
70  0.061 98.292 0.105 96.890 0.100 97.020
71  0.060 98.332 0.104 96.840 0.100 97.020
72  0.059 98.314 0.105 96.930 0.100 97.020
73  0.059 98.368 0.104 97.010 0.100 97.020
74  0.058 98.330 0.103 97.070 0.098 97.050
75  0.057 98.416 0.104 97.020 0.098 97.050
76  0.057 98.436 0.104 97.000 0.098 97.050
77  0.056 98.456 0.103 96.990 0.098 97.050
78  0.055 98.454 0.103 97.080 0.097 97.080
79  0.055 98.494 0.103 97.090 0.098 97.160
80  0.055 98.478 0.103 97.070 0.098 97.160
81  0.054 98.504 0.103 97.050 0.098 97.160
82  0.053 98.510 0.102 97.100 0.096 97.210
83  0.053 98.514 0.103 97.090 0.096 97.210
84  0.052 98.562 0.101 97.070 0.096 97.210
85  0.052 98.548 0.101 97.080 0.096 97.210
86  0.051 98.538 0.101 97.070 0.096 97.210
87  0.051 98.566 0.102 97.080 0.096 97.210
88  0.050 98.574 0.101 97.080 0.096 97.210
89  0.050 98.612 0.101 97.140 0.095 97.210
90  0.049 98.612 0.101 97.120 0.095 97.210
91  0.049 98.666 0.102 97.120 0.095 97.210
92  0.049 98.674 0.101 97.190 0.095 97.250
93  0.048 98.676 0.102 97.050 0.095 97.250
94  0.047 98.704 0.101 97.170 0.095 97.250
95  0.047 98.704 0.101 97.050 0.095 97.250
96  0.047 98.726 0.101 97.150 0.095 97.250
97  0.046 98.750 0.101 97.090 0.095 97.250
98  0.046 98.784 0.101 97.190 0.095 97.250
99  0.045 98.800 0.100 97.080 0.095 97.250
100  0.045 98.768 0.100 97.150 0.095 97.250
101  0.044 98.814 0.100 97.150 0.095 97.250
102  0.044 98.846 0.101 97.160 0.095 97.250
103  0.044 98.856 0.100 97.160 0.095 97.250
104  0.043 98.852 0.100 97.190 0.093 97.320
105  0.043 98.866 0.100 97.210 0.093 97.330
106  0.042 98.872 0.100 97.230 0.094 97.290
107  0.042 98.888 0.101 97.190 0.094 97.290
108  0.042 98.902 0.101 97.150 0.094 97.290
109  0.041 98.904 0.100 97.210 0.094 97.290
110  0.041 98.928 0.100 97.250 0.092 97.330
111  0.041 98.930 0.100 97.150 0.092 97.330
112  0.040 98.930 0.100 97.160 0.092 97.330
113  0.040 98.938 0.101 97.250 0.092 97.330
114  0.039 98.988 0.101 97.160 0.092 97.330
115  0.039 98.990 0.100 97.160 0.092 97.330
116  0.039 99.000 0.101 97.260 0.094 97.330
117  0.039 98.960 0.101 97.170 0.094 97.330
118  0.038 99.000 0.101 97.140 0.094 97.330
119  0.038 99.010 0.100 97.160 0.094 97.330
120  0.038 99.066 0.101 97.160 0.094 97.330
121  0.037 99.056 0.101 97.220 0.094 97.330
122  0.037 99.038 0.100 97.130 0.094 97.330
123  0.036 99.064 0.101 97.250 0.094 97.330
124  0.036 99.068 0.101 97.150 0.094 97.330
125  0.036 99.080 0.102 97.140 0.094 97.330
126  0.036 99.122 0.100 97.190 0.094 97.330
127  0.035 99.108 0.102 97.150 0.094 97.330
128  0.035 99.130 0.102 97.190 0.094 97.330
129  0.035 99.162 0.102 97.190 0.094 97.330
130  0.034 99.150 0.101 97.110 0.094 97.330
131  0.034 99.132 0.101 97.180 0.094 97.330
132  0.034 99.146 0.101 97.200 0.094 97.330
133  0.034 99.176 0.101 97.210 0.094 97.330
134  0.033 99.192 0.101 97.120 0.094 97.330
135  0.033 99.174 0.101 97.220 0.094 97.330
136  0.033 99.218 0.102 97.170 0.094 97.330
137  0.033 99.178 0.101 97.230 0.094 97.330
138  0.032 99.200 0.103 97.240 0.094 97.330
139  0.032 99.248 0.102 97.170 0.094 97.330
140  0.032 99.234 0.102 97.210 0.094 97.330
141  0.032 99.268 0.103 97.200 0.094 97.330
142  0.031 99.226 0.102 97.250 0.094 97.330
143  0.031 99.278 0.103 97.150 0.094 97.330
144  0.031 99.274 0.102 97.180 0.094 97.330
145  0.031 99.262 0.102 97.220 0.094 97.330
146  0.030 99.298 0.102 97.260 0.094 97.330
147  0.030 99.306 0.102 97.220 0.094 97.330
148  0.030 99.294 0.103 97.190 0.094 97.330
149  0.030 99.324 0.102 97.190 0.094 97.330
150  0.029 99.306 0.103 97.190 0.094 97.330
151  0.029 99.322 0.103 97.160 0.094 97.330
152  0.029 99.354 0.103 97.170 0.094 97.330
153  0.029 99.322 0.103 97.170 0.094 97.330
154  0.028 99.346 0.102 97.230 0.094 97.330
155  0.028 99.360 0.103 97.290 0.094 97.290
156  0.028 99.358 0.104 97.190 0.094 97.290
157  0.028 99.366 0.104 97.160 0.094 97.290
158  0.028 99.378 0.104 97.190 0.094 97.290
159  0.027 99.370 0.104 97.200 0.094 97.290
160  0.027 99.380 0.104 97.140 0.094 97.290
161  0.027 99.382 0.104 97.150 0.094 97.290
162  0.027 99.418 0.104 97.240 0.094 97.290
163  0.027 99.412 0.104 97.170 0.094 97.290
164  0.026 99.432 0.105 97.160 0.094 97.290
165  0.026 99.428 0.105 97.180 0.094 97.290
166  0.026 99.424 0.104 97.140 0.094 97.290
167  0.026 99.424 0.104 97.190 0.094 97.290
168  0.025 99.472 0.107 97.090 0.094 97.290
169  0.026 99.444 0.106 97.080 0.094 97.290
170  0.025 99.468 0.105 97.170 0.094 97.290
171  0.025 99.468 0.105 97.220 0.094 97.290
172  0.025 99.478 0.105 97.240 0.094 97.290
173  0.025 99.510 0.106 97.180 0.094 97.290
174  0.024 99.512 0.105 97.220 0.094 97.290
175  0.024 99.490 0.106 97.280 0.094 97.290
176  0.024 99.498 0.106 97.220 0.094 97.290
177  0.024 99.514 0.107 97.170 0.094 97.290
178  0.024 99.546 0.107 97.190 0.094 97.290
179  0.023 99.518 0.106 97.270 0.094 97.290
180  0.023 99.552 0.106 97.280 0.094 97.290
181  0.023 99.552 0.107 97.240 0.094 97.290
182  0.023 99.548 0.106 97.250 0.094 97.290
183  0.023 99.550 0.107 97.200 0.094 97.290
184  0.023 99.562 0.107 97.180 0.094 97.290
185  0.023 99.572 0.107 97.160 0.094 97.290
186  0.022 99.554 0.108 97.190 0.094 97.290
187  0.022 99.560 0.107 97.100 0.094 97.290
188  0.022 99.594 0.108 97.170 0.094 97.290
189  0.022 99.590 0.107 97.130 0.094 97.290
190  0.022 99.580 0.108 97.180 0.094 97.290
191  0.022 99.608 0.108 97.160 0.094 97.290
192  0.021 99.584 0.108 97.130 0.094 97.290
193  0.021 99.612 0.108 97.160 0.094 97.290
194  0.021 99.614 0.109 97.240 0.094 97.290
195  0.021 99.614 0.109 97.160 0.094 97.290
196  0.021 99.628 0.109 97.240 0.094 97.290
197  0.021 99.604 0.109 97.220 0.094 97.290
198  0.021 99.636 0.108 97.210 0.094 97.290
199  0.020 99.638 0.109 97.220 0.094 97.290
