0  1.610 62.334 1.064 81.130 1.060 80.170
1  0.740 85.896 0.487 90.380 0.496 89.400
2  0.403 90.956 0.312 92.910 0.326 92.000
3  0.293 92.726 0.252 93.950 0.263 93.250
4  0.246 93.562 0.223 94.440 0.232 93.780
5  0.220 94.150 0.205 94.750 0.215 94.260
6  0.204 94.476 0.194 94.880 0.203 94.590
7  0.191 94.800 0.186 95.060 0.193 94.660
8  0.181 95.034 0.177 95.270 0.184 95.040
9  0.172 95.234 0.170 95.370 0.178 95.260
10  0.165 95.436 0.165 95.530 0.172 95.180
11  0.158 95.592 0.159 95.760 0.167 95.380
12  0.152 95.818 0.155 95.870 0.164 95.440
13  0.147 95.940 0.151 95.970 0.158 95.550
14  0.142 96.028 0.147 96.020 0.154 95.790
15  0.137 96.170 0.143 96.130 0.150 95.830
16  0.133 96.282 0.140 96.250 0.147 95.830
17  0.129 96.406 0.137 96.310 0.144 95.940
18  0.125 96.516 0.135 96.400 0.140 95.930
19  0.121 96.620 0.133 96.330 0.140 95.930
20  0.118 96.688 0.129 96.500 0.135 96.120
21  0.115 96.858 0.127 96.490 0.135 96.120
22  0.112 96.894 0.125 96.590 0.129 96.240
23  0.109 96.998 0.124 96.580 0.129 96.240
24  0.106 97.084 0.121 96.660 0.125 96.370
25  0.103 97.138 0.120 96.760 0.124 96.360
26  0.101 97.204 0.119 96.660 0.124 96.360
27  0.099 97.328 0.116 96.730 0.124 96.360
28  0.097 97.340 0.115 96.860 0.118 96.620
29  0.094 97.402 0.113 96.820 0.118 96.620
30  0.092 97.484 0.113 96.830 0.118 96.620
31  0.090 97.510 0.111 96.790 0.118 96.620
32  0.089 97.562 0.110 96.840 0.118 96.620
33  0.087 97.602 0.109 96.870 0.112 96.810
34  0.085 97.686 0.110 96.830 0.112 96.810
35  0.084 97.762 0.107 96.910 0.110 96.800
36  0.082 97.796 0.106 96.920 0.109 96.840
37  0.081 97.852 0.106 96.970 0.108 96.800
38  0.079 97.918 0.105 96.960 0.108 96.800
39  0.078 97.864 0.104 96.940 0.108 96.800
40  0.077 97.916 0.104 96.910 0.108 96.800
41  0.075 97.976 0.102 97.010 0.106 96.930
42  0.074 98.010 0.101 97.040 0.105 96.970
43  0.073 98.062 0.101 97.030 0.105 96.970
44  0.072 98.086 0.101 97.060 0.103 97.010
45  0.071 98.116 0.101 97.060 0.103 97.000
46  0.070 98.112 0.100 97.100 0.103 97.030
47  0.069 98.196 0.099 97.080 0.103 97.030
48  0.067 98.198 0.099 97.060 0.103 97.030
49  0.067 98.216 0.099 97.060 0.103 97.030
50  0.065 98.234 0.098 97.130 0.100 97.080
51  0.065 98.278 0.097 97.180 0.101 97.100
52  0.064 98.282 0.099 97.210 0.102 97.020
53  0.063 98.332 0.097 97.070 0.102 97.020
54  0.062 98.364 0.096 97.120 0.102 97.020
55  0.061 98.384 0.096 97.220 0.099 97.060
56  0.060 98.388 0.095 97.160 0.099 97.060
57  0.059 98.390 0.095 97.200 0.099 97.060
58  0.059 98.436 0.095 97.190 0.099 97.060
59  0.058 98.468 0.095 97.150 0.099 97.060
60  0.057 98.500 0.094 97.250 0.096 97.250
61  0.056 98.496 0.095 97.230 0.096 97.250
62  0.055 98.536 0.094 97.230 0.096 97.250
63  0.055 98.552 0.094 97.250 0.096 97.250
64  0.054 98.558 0.094 97.190 0.096 97.250
65  0.053 98.588 0.094 97.250 0.096 97.250
66  0.053 98.608 0.093 97.260 0.094 97.220
67  0.052 98.628 0.094 97.220 0.094 97.220
68  0.051 98.654 0.092 97.310 0.094 97.240
69  0.051 98.680 0.092 97.280 0.094 97.240
70  0.050 98.692 0.093 97.280 0.094 97.240
71  0.050 98.712 0.092 97.290 0.094 97.240
72  0.049 98.736 0.093 97.300 0.094 97.240
73  0.048 98.734 0.092 97.280 0.094 97.240
74  0.048 98.730 0.092 97.280 0.094 97.240
75  0.047 98.768 0.093 97.200 0.094 97.240
76  0.047 98.798 0.092 97.260 0.094 97.240
77  0.046 98.830 0.092 97.280 0.094 97.240
78  0.045 98.828 0.091 97.310 0.094 97.240
79  0.045 98.802 0.092 97.290 0.094 97.240
80  0.044 98.872 0.091 97.300 0.094 97.240
81  0.044 98.880 0.091 97.320 0.091 97.300
82  0.043 98.898 0.093 97.220 0.091 97.300
83  0.043 98.930 0.091 97.310 0.091 97.300
84  0.042 98.962 0.091 97.280 0.091 97.300
85  0.042 98.950 0.091 97.310 0.091 97.300
86  0.041 98.954 0.091 97.320 0.091 97.300
87  0.041 99.006 0.091 97.350 0.090 97.350
88  0.041 98.990 0.092 97.280 0.090 97.350
89  0.040 98.988 0.092 97.290 0.090 97.350
90  0.040 99.048 0.092 97.340 0.090 97.350
91  0.039 99.054 0.091 97.350 0.090 97.350
92  0.039 99.058 0.091 97.320 0.090 97.350
93  0.038 99.080 0.091 97.370 0.090 97.320
94  0.038 99.076 0.091 97.390 0.090 97.400
95  0.037 99.116 0.091 97.340 0.090 97.400
96  0.037 99.090 0.091 97.310 0.090 97.400
97  0.037 99.122 0.092 97.350 0.090 97.400
98  0.036 99.148 0.092 97.220 0.090 97.400
99  0.036 99.166 0.091 97.320 0.090 97.400
100  0.036 99.142 0.092 97.260 0.090 97.400
101  0.035 99.146 0.091 97.280 0.090 97.400
102  0.035 99.208 0.092 97.280 0.090 97.400
103  0.034 99.200 0.092 97.300 0.090 97.400
104  0.034 99.214 0.092 97.370 0.090 97.400
105  0.034 99.204 0.092 97.310 0.090 97.400
106  0.033 99.248 0.092 97.280 0.090 97.400
107  0.033 99.232 0.092 97.330 0.090 97.400
108  0.033 99.254 0.092 97.310 0.090 97.400
109  0.032 99.264 0.093 97.260 0.090 97.400
110  0.032 99.328 0.093 97.330 0.090 97.400
111  0.032 99.282 0.092 97.300 0.090 97.400
112  0.031 99.274 0.092 97.340 0.090 97.400
113  0.031 99.310 0.093 97.190 0.090 97.400
114  0.031 99.348 0.093 97.360 0.090 97.400
115  0.030 99.310 0.093 97.310 0.090 97.400
116  0.030 99.364 0.093 97.300 0.090 97.400
117  0.030 99.376 0.093 97.290 0.090 97.400
118  0.029 99.380 0.093 97.320 0.090 97.400
119  0.029 99.364 0.093 97.280 0.090 97.400
120  0.029 99.380 0.093 97.280 0.090 97.400
121  0.029 99.386 0.093 97.310 0.090 97.400
122  0.028 99.398 0.094 97.310 0.090 97.400
123  0.028 99.424 0.093 97.280 0.090 97.400
124  0.028 99.406 0.094 97.310 0.090 97.400
125  0.027 99.428 0.094 97.300 0.090 97.400
126  0.027 99.428 0.094 97.300 0.090 97.400
127  0.027 99.446 0.094 97.240 0.090 97.400
128  0.027 99.464 0.095 97.300 0.090 97.400
129  0.027 99.482 0.095 97.260 0.090 97.400
130  0.026 99.450 0.094 97.290 0.090 97.400
131  0.026 99.510 0.094 97.310 0.090 97.400
132  0.026 99.492 0.095 97.290 0.090 97.400
133  0.025 99.518 0.096 97.280 0.090 97.400
134  0.025 99.502 0.096 97.280 0.090 97.400
135  0.025 99.516 0.096 97.240 0.090 97.400
136  0.025 99.530 0.095 97.340 0.090 97.400
137  0.025 99.514 0.096 97.190 0.090 97.400
138  0.024 99.554 0.096 97.220 0.090 97.400
139  0.024 99.566 0.096 97.310 0.090 97.400
140  0.024 99.568 0.096 97.280 0.090 97.400
141  0.024 99.596 0.096 97.250 0.090 97.400
142  0.023 99.614 0.097 97.240 0.090 97.400
143  0.023 99.556 0.096 97.260 0.090 97.400
144  0.023 99.592 0.097 97.200 0.090 97.400
145  0.023 99.576 0.098 97.210 0.090 97.400
146  0.022 99.628 0.098 97.200 0.090 97.400
147  0.022 99.608 0.097 97.250 0.090 97.400
148  0.022 99.618 0.098 97.280 0.090 97.400
149  0.022 99.634 0.098 97.300 0.090 97.400
150  0.022 99.640 0.098 97.260 0.090 97.400
151  0.022 99.616 0.098 97.170 0.090 97.400
152  0.021 99.640 0.098 97.230 0.090 97.400
153  0.021 99.656 0.099 97.260 0.090 97.400
154  0.021 99.648 0.099 97.230 0.090 97.400
155  0.021 99.672 0.099 97.220 0.090 97.400
156  0.020 99.672 0.099 97.250 0.090 97.400
157  0.020 99.674 0.100 97.210 0.090 97.400
158  0.020 99.690 0.100 97.150 0.090 97.400
159  0.020 99.698 0.101 97.260 0.090 97.400
160  0.020 99.674 0.100 97.240 0.090 97.400
161  0.020 99.688 0.100 97.240 0.090 97.400
162  0.020 99.692 0.101 97.210 0.090 97.400
163  0.019 99.716 0.101 97.180 0.090 97.400
164  0.019 99.720 0.101 97.230 0.090 97.400
165  0.019 99.724 0.101 97.220 0.090 97.400
166  0.019 99.724 0.101 97.200 0.090 97.400
167  0.019 99.716 0.101 97.200 0.090 97.400
168  0.018 99.724 0.102 97.220 0.090 97.400
169  0.018 99.710 0.102 97.230 0.090 97.400
170  0.018 99.762 0.102 97.230 0.090 97.400
171  0.018 99.766 0.102 97.260 0.090 97.400
172  0.018 99.752 0.102 97.180 0.090 97.400
173  0.018 99.770 0.102 97.200 0.090 97.400
174  0.017 99.764 0.104 97.200 0.090 97.400
175  0.017 99.760 0.103 97.180 0.090 97.400
176  0.017 99.776 0.103 97.220 0.090 97.400
177  0.017 99.774 0.105 97.200 0.090 97.400
178  0.017 99.762 0.104 97.150 0.090 97.400
179  0.017 99.770 0.104 97.170 0.090 97.400
180  0.017 99.778 0.104 97.180 0.090 97.400
181  0.016 99.788 0.104 97.170 0.090 97.400
182  0.016 99.796 0.105 97.240 0.090 97.400
183  0.016 99.782 0.105 97.230 0.090 97.400
184  0.016 99.790 0.107 97.130 0.090 97.400
185  0.016 99.806 0.105 97.210 0.090 97.400
186  0.016 99.786 0.106 97.190 0.090 97.400
187  0.016 99.788 0.106 97.210 0.090 97.400
188  0.015 99.804 0.106 97.180 0.090 97.400
189  0.015 99.794 0.106 97.200 0.090 97.400
190  0.015 99.810 0.106 97.200 0.090 97.400
191  0.015 99.820 0.106 97.170 0.090 97.400
192  0.015 99.814 0.106 97.240 0.090 97.400
193  0.015 99.820 0.107 97.210 0.090 97.400
194  0.015 99.816 0.107 97.170 0.090 97.400
195  0.015 99.822 0.107 97.210 0.090 97.400
196  0.014 99.830 0.107 97.180 0.090 97.400
197  0.014 99.838 0.107 97.130 0.090 97.400
198  0.014 99.822 0.107 97.180 0.090 97.400
199  0.014 99.828 0.108 97.170 0.090 97.400
