0  1.869 60.610 1.415 78.010 1.419 76.840
1  1.057 81.676 0.751 85.800 0.760 85.210
2  0.619 87.116 0.471 89.420 0.484 89.050
3  0.431 89.942 0.356 91.380 0.365 91.040
4  0.346 91.336 0.304 92.300 0.312 91.790
5  0.304 92.146 0.276 92.730 0.283 92.370
6  0.279 92.694 0.258 93.120 0.265 92.690
7  0.261 93.006 0.245 93.300 0.252 92.990
8  0.247 93.274 0.233 93.600 0.240 93.240
9  0.235 93.524 0.225 93.890 0.233 93.550
10  0.226 93.770 0.218 94.090 0.224 93.690
11  0.217 93.980 0.209 94.320 0.218 93.860
12  0.210 94.192 0.204 94.420 0.212 93.860
13  0.203 94.360 0.198 94.690 0.208 94.010
14  0.197 94.530 0.193 94.810 0.201 94.390
15  0.191 94.716 0.189 94.940 0.198 94.370
16  0.186 94.804 0.185 94.980 0.193 94.550
17  0.181 94.948 0.181 95.070 0.189 94.690
18  0.176 95.118 0.177 95.180 0.186 94.780
19  0.172 95.196 0.174 95.350 0.182 94.910
20  0.168 95.326 0.172 95.230 0.182 94.910
21  0.163 95.412 0.168 95.310 0.182 94.910
22  0.160 95.544 0.167 95.480 0.173 95.040
23  0.157 95.602 0.163 95.430 0.173 95.040
24  0.153 95.708 0.162 95.480 0.170 95.240
25  0.150 95.778 0.160 95.390 0.170 95.240
26  0.147 95.814 0.157 95.550 0.163 95.360
27  0.145 95.868 0.156 95.600 0.162 95.420
28  0.142 95.982 0.154 95.770 0.160 95.430
29  0.140 96.040 0.152 95.750 0.160 95.430
30  0.138 96.076 0.151 95.760 0.160 95.430
31  0.136 96.128 0.151 95.790 0.156 95.680
32  0.134 96.180 0.149 95.840 0.154 95.720
33  0.131 96.270 0.148 95.820 0.154 95.720
34  0.130 96.280 0.147 95.710 0.154 95.720
35  0.128 96.334 0.145 95.930 0.150 95.830
36  0.126 96.394 0.144 95.920 0.150 95.830
37  0.124 96.390 0.143 95.950 0.148 95.900
38  0.123 96.418 0.142 95.980 0.147 95.900
39  0.121 96.484 0.141 95.940 0.147 95.900
40  0.120 96.552 0.141 96.090 0.145 95.950
41  0.119 96.572 0.140 96.090 0.145 95.950
42  0.117 96.564 0.140 96.100 0.144 95.910
43  0.116 96.656 0.139 96.050 0.144 95.910
44  0.115 96.702 0.139 96.020 0.144 95.910
45  0.113 96.732 0.137 96.070 0.144 95.910
46  0.112 96.784 0.136 96.180 0.140 95.990
47  0.111 96.770 0.136 96.140 0.140 95.990
48  0.110 96.826 0.136 96.180 0.138 96.180
49  0.109 96.846 0.135 96.190 0.138 96.160
50  0.108 96.884 0.135 96.090 0.138 96.160
51  0.107 96.914 0.134 96.290 0.137 96.120
52  0.106 96.978 0.134 96.210 0.137 96.120
53  0.105 96.968 0.133 96.300 0.136 96.110
54  0.105 96.994 0.134 96.260 0.136 96.110
55  0.103 97.022 0.133 96.240 0.136 96.110
56  0.103 97.052 0.132 96.310 0.134 96.250
57  0.102 97.022 0.132 96.320 0.134 96.150
58  0.101 97.066 0.132 96.230 0.134 96.150
59  0.100 97.108 0.132 96.320 0.134 96.240
60  0.099 97.132 0.132 96.300 0.134 96.240
61  0.099 97.112 0.132 96.350 0.136 96.190
62  0.098 97.172 0.130 96.400 0.132 96.220
63  0.097 97.218 0.131 96.400 0.133 96.200
64  0.097 97.206 0.131 96.370 0.133 96.200
65  0.095 97.236 0.131 96.290 0.133 96.200
66  0.095 97.216 0.130 96.310 0.133 96.200
67  0.094 97.280 0.131 96.340 0.133 96.200
68  0.094 97.254 0.130 96.360 0.133 96.200
69  0.093 97.318 0.130 96.300 0.133 96.200
70  0.093 97.316 0.130 96.310 0.133 96.200
71  0.092 97.354 0.130 96.360 0.133 96.200
72  0.091 97.390 0.129 96.340 0.133 96.200
73  0.091 97.370 0.129 96.360 0.133 96.200
74  0.090 97.372 0.130 96.310 0.133 96.200
75  0.089 97.394 0.129 96.330 0.133 96.200
76  0.089 97.498 0.128 96.420 0.130 96.320
77  0.088 97.446 0.129 96.370 0.130 96.320
78  0.088 97.452 0.129 96.370 0.130 96.320
79  0.087 97.484 0.128 96.310 0.130 96.320
80  0.086 97.492 0.128 96.370 0.130 96.320
81  0.086 97.500 0.127 96.390 0.130 96.320
82  0.085 97.534 0.128 96.370 0.130 96.320
83  0.085 97.534 0.127 96.420 0.128 96.310
84  0.085 97.582 0.129 96.310 0.128 96.310
85  0.084 97.576 0.127 96.390 0.128 96.310
86  0.083 97.592 0.127 96.390 0.128 96.310
87  0.083 97.602 0.127 96.410 0.128 96.310
88  0.082 97.574 0.128 96.370 0.128 96.310
89  0.082 97.626 0.127 96.420 0.128 96.350
90  0.082 97.632 0.127 96.460 0.129 96.380
91  0.081 97.666 0.127 96.440 0.129 96.380
92  0.081 97.644 0.127 96.470 0.127 96.400
93  0.080 97.682 0.126 96.440 0.127 96.400
94  0.080 97.692 0.126 96.490 0.128 96.410
95  0.079 97.668 0.126 96.470 0.128 96.410
96  0.079 97.704 0.127 96.500 0.128 96.320
97  0.079 97.712 0.127 96.440 0.128 96.320
98  0.078 97.778 0.127 96.470 0.128 96.320
99  0.078 97.746 0.126 96.480 0.128 96.320
100  0.077 97.776 0.126 96.550 0.127 96.450
101  0.077 97.746 0.126 96.480 0.127 96.450
102  0.077 97.756 0.126 96.530 0.127 96.450
103  0.076 97.806 0.128 96.450 0.127 96.450
104  0.076 97.794 0.126 96.530 0.127 96.450
105  0.075 97.842 0.126 96.500 0.127 96.450
106  0.075 97.838 0.127 96.490 0.127 96.450
107  0.075 97.792 0.127 96.370 0.127 96.450
108  0.074 97.822 0.126 96.450 0.127 96.450
109  0.074 97.874 0.127 96.460 0.127 96.450
110  0.074 97.828 0.127 96.580 0.127 96.410
111  0.073 97.886 0.127 96.450 0.127 96.410
112  0.073 97.884 0.126 96.550 0.127 96.410
113  0.073 97.888 0.127 96.570 0.127 96.410
114  0.073 97.882 0.127 96.490 0.127 96.410
115  0.072 97.886 0.126 96.570 0.127 96.410
116  0.071 97.912 0.127 96.480 0.127 96.410
117  0.071 97.922 0.125 96.620 0.127 96.400
118  0.071 97.932 0.128 96.410 0.127 96.400
119  0.071 97.962 0.126 96.590 0.127 96.400
120  0.070 97.944 0.126 96.590 0.127 96.400
121  0.070 97.972 0.125 96.610 0.127 96.400
122  0.070 97.990 0.126 96.620 0.127 96.400
123  0.070 97.966 0.127 96.520 0.127 96.400
124  0.069 97.978 0.126 96.580 0.127 96.400
125  0.069 98.020 0.127 96.520 0.127 96.400
126  0.069 97.988 0.125 96.680 0.126 96.480
127  0.068 98.014 0.127 96.530 0.126 96.480
128  0.068 98.058 0.126 96.610 0.126 96.480
129  0.068 98.060 0.126 96.620 0.126 96.480
130  0.068 98.026 0.126 96.510 0.126 96.480
131  0.067 98.050 0.127 96.520 0.126 96.480
132  0.067 98.072 0.127 96.580 0.126 96.480
133  0.067 98.058 0.126 96.580 0.126 96.480
134  0.066 98.070 0.126 96.540 0.126 96.480
135  0.066 98.142 0.126 96.690 0.126 96.520
136  0.066 98.068 0.127 96.560 0.126 96.520
137  0.066 98.100 0.127 96.520 0.126 96.520
138  0.065 98.080 0.128 96.430 0.126 96.520
139  0.065 98.116 0.127 96.480 0.126 96.520
140  0.065 98.104 0.126 96.580 0.126 96.520
141  0.065 98.122 0.125 96.500 0.126 96.520
142  0.064 98.114 0.126 96.520 0.126 96.520
143  0.064 98.168 0.126 96.570 0.126 96.520
144  0.064 98.154 0.127 96.630 0.126 96.520
145  0.064 98.190 0.127 96.540 0.126 96.520
146  0.063 98.164 0.127 96.490 0.126 96.520
147  0.063 98.164 0.128 96.400 0.126 96.520
148  0.063 98.196 0.127 96.530 0.126 96.520
149  0.063 98.182 0.126 96.590 0.126 96.520
150  0.063 98.176 0.126 96.440 0.126 96.520
151  0.063 98.152 0.127 96.450 0.126 96.520
152  0.062 98.198 0.129 96.340 0.126 96.520
153  0.062 98.204 0.126 96.500 0.126 96.520
154  0.062 98.176 0.128 96.550 0.126 96.520
155  0.062 98.192 0.129 96.550 0.126 96.520
156  0.061 98.224 0.130 96.340 0.126 96.520
157  0.061 98.214 0.126 96.420 0.126 96.520
158  0.061 98.224 0.126 96.410 0.126 96.520
159  0.061 98.198 0.127 96.600 0.126 96.520
160  0.060 98.238 0.129 96.550 0.126 96.520
161  0.060 98.264 0.128 96.490 0.126 96.520
162  0.060 98.262 0.127 96.460 0.126 96.520
163  0.060 98.234 0.127 96.410 0.126 96.520
164  0.060 98.252 0.128 96.430 0.126 96.520
165  0.060 98.250 0.127 96.540 0.126 96.520
166  0.059 98.248 0.127 96.410 0.126 96.520
167  0.059 98.272 0.127 96.540 0.126 96.520
168  0.059 98.264 0.127 96.490 0.126 96.520
169  0.059 98.300 0.128 96.430 0.126 96.520
170  0.059 98.268 0.128 96.450 0.126 96.520
171  0.059 98.282 0.128 96.420 0.126 96.520
172  0.058 98.302 0.128 96.470 0.126 96.520
173  0.058 98.350 0.130 96.480 0.126 96.520
174  0.058 98.330 0.130 96.400 0.126 96.520
175  0.058 98.330 0.129 96.530 0.126 96.520
176  0.058 98.368 0.129 96.390 0.126 96.520
177  0.057 98.368 0.130 96.380 0.126 96.520
178  0.057 98.366 0.129 96.430 0.126 96.520
179  0.057 98.364 0.129 96.400 0.126 96.520
180  0.057 98.366 0.129 96.410 0.126 96.520
181  0.057 98.370 0.129 96.500 0.126 96.520
182  0.057 98.368 0.130 96.380 0.126 96.520
183  0.056 98.364 0.131 96.410 0.126 96.520
184  0.056 98.406 0.129 96.350 0.126 96.520
185  0.056 98.382 0.130 96.400 0.126 96.520
186  0.056 98.384 0.129 96.430 0.126 96.520
187  0.056 98.388 0.130 96.410 0.126 96.520
188  0.055 98.442 0.129 96.470 0.126 96.520
189  0.055 98.404 0.132 96.380 0.126 96.520
190  0.055 98.424 0.130 96.400 0.126 96.520
191  0.055 98.418 0.130 96.430 0.126 96.520
192  0.055 98.442 0.130 96.370 0.126 96.520
193  0.055 98.440 0.132 96.380 0.126 96.520
194  0.054 98.406 0.131 96.350 0.126 96.520
195  0.054 98.386 0.130 96.380 0.126 96.520
196  0.054 98.450 0.131 96.350 0.126 96.520
197  0.054 98.450 0.132 96.300 0.126 96.520
198  0.054 98.470 0.132 96.360 0.126 96.520
199  0.054 98.444 0.130 96.430 0.126 96.520
