0  1.830 51.554 1.369 72.900 1.375 71.620
1  0.961 80.586 0.587 87.550 0.605 86.740
2  0.486 88.352 0.370 90.930 0.388 90.220
3  0.359 90.534 0.303 92.050 0.318 91.580
4  0.309 91.552 0.271 92.700 0.286 92.360
5  0.280 92.164 0.251 93.060 0.265 92.860
6  0.260 92.678 0.235 93.440 0.249 93.160
7  0.243 93.180 0.224 93.890 0.238 93.290
8  0.230 93.492 0.213 94.010 0.226 93.520
9  0.219 93.766 0.206 94.340 0.219 93.850
10  0.209 94.064 0.197 94.420 0.209 94.050
11  0.201 94.286 0.191 94.710 0.202 94.170
12  0.193 94.494 0.185 94.870 0.195 94.500
13  0.186 94.742 0.182 94.940 0.189 94.580
14  0.179 94.888 0.176 95.180 0.184 94.850
15  0.174 95.060 0.171 95.220 0.179 94.860
16  0.168 95.252 0.167 95.310 0.174 95.000
17  0.163 95.382 0.163 95.490 0.170 95.150
18  0.158 95.466 0.161 95.470 0.170 95.150
19  0.154 95.544 0.157 95.630 0.163 95.210
20  0.150 95.716 0.155 95.680 0.159 95.400
21  0.147 95.804 0.152 95.720 0.155 95.420
22  0.143 95.942 0.149 95.810 0.154 95.620
23  0.140 96.008 0.147 95.790 0.154 95.620
24  0.137 96.064 0.145 95.940 0.149 95.680
25  0.134 96.154 0.142 96.010 0.146 95.760
26  0.130 96.274 0.140 95.990 0.146 95.760
27  0.128 96.354 0.138 95.950 0.146 95.760
28  0.125 96.392 0.137 96.100 0.140 95.790
29  0.123 96.496 0.135 96.150 0.139 95.800
30  0.120 96.508 0.135 96.140 0.139 95.800
31  0.118 96.562 0.132 96.210 0.136 95.880
32  0.116 96.636 0.131 96.230 0.133 96.080
33  0.114 96.718 0.129 96.380 0.133 95.990
34  0.112 96.798 0.128 96.310 0.133 95.990
35  0.110 96.842 0.127 96.310 0.133 95.990
36  0.108 96.870 0.126 96.440 0.129 96.160
37  0.106 96.938 0.126 96.360 0.129 96.160
38  0.105 97.028 0.124 96.340 0.129 96.160
39  0.103 97.038 0.123 96.350 0.129 96.160
40  0.102 97.090 0.121 96.460 0.125 96.260
41  0.100 97.148 0.121 96.440 0.125 96.260
42  0.099 97.224 0.120 96.460 0.124 96.230
43  0.097 97.224 0.119 96.510 0.124 96.280
44  0.096 97.270 0.120 96.370 0.124 96.280
45  0.094 97.292 0.118 96.550 0.121 96.350
46  0.093 97.346 0.116 96.590 0.121 96.350
47  0.092 97.372 0.116 96.610 0.122 96.380
48  0.091 97.416 0.116 96.580 0.122 96.380
49  0.089 97.420 0.115 96.640 0.120 96.500
50  0.088 97.494 0.114 96.610 0.120 96.500
51  0.087 97.550 0.114 96.650 0.118 96.430
52  0.086 97.586 0.115 96.640 0.118 96.430
53  0.085 97.590 0.114 96.720 0.118 96.480
54  0.084 97.626 0.113 96.680 0.118 96.480
55  0.083 97.572 0.111 96.770 0.115 96.490
56  0.082 97.712 0.111 96.700 0.115 96.490
57  0.081 97.690 0.110 96.690 0.115 96.490
58  0.080 97.730 0.110 96.700 0.115 96.490
59  0.079 97.734 0.110 96.680 0.115 96.490
60  0.078 97.754 0.109 96.860 0.114 96.640
61  0.077 97.824 0.109 96.710 0.114 96.640
62  0.076 97.850 0.110 96.720 0.114 96.640
63  0.075 97.882 0.109 96.850 0.114 96.640
64  0.074 97.868 0.109 96.790 0.114 96.640
65  0.074 97.880 0.109 96.850 0.114 96.640
66  0.073 97.932 0.108 96.850 0.114 96.640
67  0.072 97.920 0.107 96.820 0.114 96.640
68  0.071 97.940 0.107 96.920 0.112 96.690
69  0.070 97.974 0.108 96.820 0.112 96.690
70  0.070 97.964 0.106 96.860 0.112 96.690
71  0.069 98.050 0.106 96.850 0.112 96.690
72  0.068 98.068 0.108 96.880 0.112 96.690
73  0.068 98.026 0.106 96.980 0.110 96.800
74  0.067 98.034 0.106 96.980 0.109 96.760
75  0.066 98.114 0.105 96.940 0.109 96.760
76  0.065 98.142 0.106 96.920 0.109 96.760
77  0.065 98.122 0.105 96.950 0.109 96.760
78  0.064 98.154 0.106 96.940 0.109 96.760
79  0.063 98.210 0.105 97.100 0.110 96.800
80  0.063 98.208 0.106 96.970 0.110 96.800
81  0.062 98.196 0.106 97.030 0.110 96.800
82  0.062 98.210 0.104 97.020 0.110 96.800
83  0.061 98.260 0.107 96.980 0.110 96.800
84  0.060 98.250 0.104 96.980 0.110 96.800
85  0.060 98.266 0.104 97.060 0.110 96.800
86  0.059 98.286 0.105 97.020 0.110 96.800
87  0.058 98.330 0.105 96.980 0.110 96.800
88  0.058 98.354 0.104 97.080 0.110 96.800
89  0.057 98.336 0.104 97.050 0.110 96.800
90  0.057 98.378 0.104 96.990 0.110 96.800
91  0.056 98.380 0.105 97.060 0.110 96.800
92  0.056 98.398 0.105 96.950 0.110 96.800
93  0.055 98.424 0.104 97.010 0.110 96.800
94  0.055 98.480 0.105 97.050 0.110 96.800
95  0.055 98.418 0.105 97.000 0.110 96.800
96  0.054 98.474 0.104 97.080 0.110 96.800
97  0.053 98.496 0.105 97.020 0.110 96.800
98  0.053 98.528 0.105 97.020 0.110 96.800
99  0.052 98.528 0.104 96.990 0.110 96.800
100  0.052 98.532 0.104 97.010 0.110 96.800
101  0.052 98.568 0.104 97.090 0.110 96.800
102  0.051 98.572 0.105 97.060 0.110 96.800
103  0.051 98.580 0.104 97.120 0.110 96.910
104  0.050 98.612 0.104 96.950 0.110 96.910
105  0.050 98.608 0.103 97.130 0.107 96.990
106  0.049 98.642 0.104 97.130 0.107 96.990
107  0.049 98.640 0.104 96.970 0.107 96.990
108  0.049 98.640 0.105 97.080 0.107 96.990
109  0.048 98.666 0.103 97.060 0.107 96.990
110  0.048 98.678 0.104 97.080 0.107 96.990
111  0.047 98.718 0.103 97.120 0.107 96.990
112  0.047 98.706 0.103 97.130 0.107 96.990
113  0.047 98.718 0.104 97.080 0.107 96.990
114  0.046 98.760 0.105 97.080 0.107 96.990
115  0.046 98.766 0.103 97.040 0.107 96.990
116  0.045 98.772 0.104 97.090 0.107 96.990
117  0.045 98.790 0.104 97.080 0.107 96.990
118  0.045 98.788 0.104 97.080 0.107 96.990
119  0.044 98.830 0.104 97.060 0.107 96.990
120  0.044 98.826 0.104 97.010 0.107 96.990
121  0.044 98.804 0.105 97.100 0.107 96.990
122  0.043 98.852 0.104 97.100 0.107 96.990
123  0.043 98.796 0.105 97.020 0.107 96.990
124  0.043 98.894 0.104 97.030 0.107 96.990
125  0.042 98.894 0.106 97.100 0.107 96.990
126  0.042 98.898 0.105 97.020 0.107 96.990
127  0.042 98.896 0.106 97.060 0.107 96.990
128  0.041 98.922 0.105 97.170 0.108 96.850
129  0.041 98.960 0.105 97.120 0.108 96.850
130  0.041 98.936 0.106 96.980 0.108 96.850
131  0.040 98.918 0.106 97.120 0.108 96.850
132  0.040 98.980 0.105 97.150 0.108 96.850
133  0.040 98.950 0.105 97.090 0.108 96.850
134  0.039 98.988 0.105 97.110 0.108 96.850
135  0.039 99.018 0.105 97.160 0.108 96.850
136  0.039 99.022 0.106 97.180 0.110 96.890
137  0.039 99.004 0.105 97.080 0.110 96.890
138  0.038 99.030 0.106 97.080 0.110 96.890
139  0.038 99.014 0.106 97.130 0.110 96.890
140  0.038 99.058 0.106 96.990 0.110 96.890
141  0.037 99.064 0.107 97.100 0.110 96.890
142  0.037 99.052 0.106 97.140 0.110 96.890
143  0.037 99.078 0.106 97.100 0.110 96.890
144  0.037 99.060 0.108 97.010 0.110 96.890
145  0.036 99.094 0.107 97.070 0.110 96.890
146  0.036 99.094 0.106 97.050 0.110 96.890
147  0.036 99.136 0.106 97.110 0.110 96.890
148  0.035 99.114 0.107 97.100 0.110 96.890
149  0.035 99.126 0.109 97.010 0.110 96.890
150  0.035 99.126 0.107 97.060 0.110 96.890
151  0.035 99.158 0.107 97.110 0.110 96.890
152  0.034 99.184 0.107 97.170 0.110 96.890
153  0.034 99.168 0.108 97.070 0.110 96.890
154  0.034 99.166 0.107 97.130 0.110 96.890
155  0.034 99.198 0.108 97.130 0.110 96.890
156  0.034 99.194 0.108 97.100 0.110 96.890
157  0.033 99.234 0.108 97.100 0.110 96.890
158  0.033 99.184 0.110 97.140 0.110 96.890
159  0.033 99.252 0.107 97.170 0.110 96.890
160  0.033 99.214 0.108 97.130 0.110 96.890
161  0.032 99.250 0.108 97.160 0.110 96.890
162  0.032 99.250 0.108 97.160 0.110 96.890
163  0.032 99.244 0.109 97.060 0.110 96.890
164  0.032 99.270 0.109 97.070 0.110 96.890
165  0.031 99.270 0.110 97.090 0.110 96.890
166  0.031 99.320 0.110 97.040 0.110 96.890
167  0.031 99.290 0.110 97.030 0.110 96.890
168  0.031 99.306 0.112 97.070 0.110 96.890
169  0.030 99.306 0.111 97.120 0.110 96.890
170  0.030 99.304 0.110 97.090 0.110 96.890
171  0.030 99.344 0.111 97.190 0.114 96.900
172  0.030 99.342 0.111 97.120 0.114 96.900
173  0.030 99.344 0.111 97.070 0.114 96.900
174  0.030 99.312 0.111 97.060 0.114 96.900
175  0.029 99.340 0.111 97.090 0.114 96.900
176  0.029 99.342 0.112 97.090 0.114 96.900
177  0.029 99.362 0.112 97.200 0.114 96.920
178  0.029 99.382 0.111 97.150 0.114 96.920
179  0.028 99.410 0.112 97.090 0.114 96.920
180  0.028 99.402 0.113 97.090 0.114 96.920
181  0.028 99.412 0.113 97.120 0.114 96.920
182  0.028 99.410 0.112 97.130 0.114 96.920
183  0.028 99.408 0.112 97.120 0.114 96.920
184  0.027 99.414 0.112 97.160 0.114 96.920
185  0.027 99.420 0.114 97.020 0.114 96.920
186  0.027 99.420 0.114 97.090 0.114 96.920
187  0.027 99.430 0.115 97.060 0.114 96.920
188  0.027 99.452 0.114 97.060 0.114 96.920
189  0.026 99.470 0.114 97.100 0.114 96.920
190  0.026 99.442 0.115 97.090 0.114 96.920
191  0.026 99.456 0.114 97.000 0.114 96.920
192  0.026 99.460 0.115 97.040 0.114 96.920
193  0.026 99.470 0.114 97.130 0.114 96.920
194  0.026 99.488 0.115 97.100 0.114 96.920
195  0.025 99.516 0.115 97.100 0.114 96.920
196  0.025 99.494 0.115 97.090 0.114 96.920
197  0.025 99.494 0.115 97.060 0.114 96.920
198  0.025 99.504 0.115 97.090 0.114 96.920
199  0.025 99.534 0.117 97.010 0.114 96.920
