0  1.746 52.090 1.161 75.620 1.157 74.750
1  0.767 84.116 0.502 89.120 0.513 87.990
2  0.425 90.080 0.337 91.980 0.350 91.170
3  0.320 91.876 0.278 92.740 0.288 92.160
4  0.272 92.874 0.245 93.370 0.254 92.970
5  0.244 93.444 0.226 93.760 0.232 93.700
6  0.225 93.818 0.214 93.970 0.219 94.040
7  0.211 94.114 0.205 94.370 0.209 94.200
8  0.200 94.350 0.195 94.670 0.198 94.700
9  0.190 94.640 0.188 94.930 0.192 94.840
10  0.182 94.896 0.183 95.030 0.187 94.830
11  0.175 95.036 0.175 95.360 0.180 95.150
12  0.168 95.254 0.170 95.440 0.176 95.130
13  0.162 95.388 0.167 95.480 0.171 95.200
14  0.157 95.522 0.161 95.800 0.166 95.410
15  0.151 95.650 0.157 95.870 0.160 95.550
16  0.147 95.818 0.153 95.980 0.157 95.580
17  0.142 95.932 0.150 96.030 0.155 95.640
18  0.138 96.054 0.147 96.100 0.149 95.810
19  0.134 96.232 0.146 96.170 0.147 95.890
20  0.130 96.282 0.140 96.330 0.144 95.930
21  0.126 96.372 0.139 96.250 0.144 95.930
22  0.123 96.506 0.135 96.430 0.139 96.080
23  0.120 96.626 0.135 96.540 0.137 96.120
24  0.117 96.686 0.132 96.450 0.137 96.120
25  0.114 96.744 0.129 96.570 0.132 96.230
26  0.111 96.840 0.128 96.670 0.129 96.270
27  0.108 96.936 0.125 96.690 0.125 96.380
28  0.106 96.974 0.124 96.730 0.125 96.480
29  0.103 97.082 0.122 96.660 0.125 96.480
30  0.101 97.126 0.120 96.820 0.121 96.590
31  0.099 97.198 0.120 96.830 0.121 96.580
32  0.097 97.242 0.118 96.770 0.121 96.580
33  0.095 97.320 0.117 96.890 0.118 96.760
34  0.093 97.376 0.117 96.870 0.118 96.760
35  0.091 97.432 0.115 96.930 0.115 96.790
36  0.089 97.480 0.114 96.910 0.115 96.790
37  0.087 97.548 0.113 96.980 0.112 96.910
38  0.086 97.610 0.111 97.040 0.111 96.930
39  0.084 97.618 0.111 97.070 0.109 96.960
40  0.083 97.654 0.110 97.080 0.108 96.970
41  0.081 97.706 0.109 96.940 0.108 96.970
42  0.080 97.792 0.107 97.060 0.108 96.970
43  0.078 97.824 0.108 97.100 0.106 97.130
44  0.077 97.828 0.106 97.110 0.106 97.040
45  0.076 97.902 0.107 97.140 0.104 97.100
46  0.074 97.940 0.105 97.070 0.104 97.100
47  0.073 97.952 0.106 97.020 0.104 97.100
48  0.072 97.982 0.105 97.160 0.103 97.160
49  0.071 98.006 0.104 97.100 0.103 97.160
50  0.069 98.076 0.104 97.170 0.102 97.240
51  0.068 98.090 0.103 97.210 0.102 97.180
52  0.067 98.132 0.105 97.110 0.102 97.180
53  0.066 98.166 0.102 97.210 0.102 97.180
54  0.065 98.162 0.102 97.200 0.102 97.180
55  0.064 98.226 0.102 97.140 0.102 97.180
56  0.063 98.220 0.101 97.170 0.102 97.180
57  0.062 98.280 0.101 97.290 0.098 97.220
58  0.061 98.290 0.102 97.170 0.098 97.220
59  0.060 98.338 0.100 97.270 0.098 97.220
60  0.060 98.366 0.101 97.310 0.097 97.340
61  0.059 98.396 0.101 97.180 0.097 97.340
62  0.058 98.392 0.100 97.270 0.097 97.340
63  0.057 98.454 0.100 97.300 0.097 97.340
64  0.056 98.454 0.100 97.280 0.097 97.340
65  0.056 98.488 0.100 97.350 0.096 97.330
66  0.055 98.478 0.098 97.380 0.095 97.410
67  0.054 98.496 0.100 97.280 0.095 97.410
68  0.054 98.518 0.099 97.260 0.095 97.410
69  0.053 98.602 0.098 97.310 0.095 97.410
70  0.052 98.582 0.099 97.350 0.095 97.410
71  0.051 98.622 0.099 97.250 0.095 97.410
72  0.051 98.610 0.099 97.270 0.095 97.410
73  0.050 98.684 0.099 97.360 0.095 97.410
74  0.049 98.662 0.098 97.350 0.095 97.410
75  0.049 98.658 0.099 97.330 0.095 97.410
76  0.048 98.684 0.098 97.270 0.095 97.410
77  0.048 98.722 0.097 97.340 0.095 97.410
78  0.047 98.734 0.098 97.370 0.095 97.410
79  0.047 98.728 0.098 97.340 0.095 97.410
80  0.046 98.784 0.099 97.360 0.095 97.410
81  0.045 98.816 0.098 97.370 0.095 97.410
82  0.045 98.834 0.100 97.290 0.095 97.410
83  0.044 98.814 0.097 97.440 0.093 97.440
84  0.044 98.860 0.098 97.360 0.093 97.440
85  0.043 98.870 0.098 97.380 0.093 97.440
86  0.043 98.880 0.097 97.440 0.093 97.320
87  0.042 98.898 0.098 97.320 0.093 97.320
88  0.042 98.922 0.098 97.360 0.093 97.320
89  0.041 98.930 0.098 97.340 0.093 97.320
90  0.041 98.944 0.099 97.330 0.093 97.320
91  0.040 98.964 0.098 97.420 0.093 97.320
92  0.040 98.962 0.097 97.410 0.093 97.320
93  0.040 98.976 0.097 97.400 0.093 97.320
94  0.039 99.004 0.098 97.330 0.093 97.320
95  0.038 98.990 0.097 97.310 0.093 97.320
96  0.038 99.064 0.099 97.370 0.093 97.320
97  0.037 99.056 0.098 97.390 0.093 97.320
98  0.037 99.070 0.097 97.350 0.093 97.320
99  0.037 99.086 0.100 97.490 0.096 97.390
100  0.037 99.094 0.098 97.400 0.096 97.390
101  0.036 99.076 0.098 97.360 0.096 97.390
102  0.036 99.130 0.099 97.420 0.096 97.390
103  0.035 99.134 0.098 97.320 0.096 97.390
104  0.035 99.142 0.099 97.400 0.096 97.390
105  0.034 99.156 0.098 97.370 0.096 97.390
106  0.034 99.174 0.098 97.360 0.096 97.390
107  0.034 99.170 0.100 97.400 0.096 97.390
108  0.033 99.220 0.099 97.380 0.096 97.390
109  0.033 99.192 0.099 97.390 0.096 97.390
110  0.033 99.226 0.099 97.390 0.096 97.390
111  0.032 99.234 0.099 97.410 0.096 97.390
112  0.032 99.230 0.098 97.350 0.096 97.390
113  0.031 99.276 0.100 97.300 0.096 97.390
114  0.031 99.268 0.101 97.380 0.096 97.390
115  0.031 99.286 0.100 97.330 0.096 97.390
116  0.030 99.288 0.100 97.390 0.096 97.390
117  0.030 99.292 0.099 97.340 0.096 97.390
118  0.030 99.324 0.099 97.440 0.096 97.390
119  0.029 99.308 0.101 97.360 0.096 97.390
120  0.029 99.326 0.100 97.420 0.096 97.390
121  0.029 99.370 0.101 97.410 0.096 97.390
122  0.028 99.324 0.103 97.340 0.096 97.390
123  0.028 99.388 0.101 97.390 0.096 97.390
124  0.028 99.364 0.100 97.310 0.096 97.390
125  0.027 99.396 0.100 97.380 0.096 97.390
126  0.027 99.404 0.101 97.270 0.096 97.390
127  0.027 99.386 0.100 97.370 0.096 97.390
128  0.027 99.410 0.102 97.370 0.096 97.390
129  0.026 99.420 0.101 97.290 0.096 97.390
130  0.026 99.412 0.102 97.290 0.096 97.390
131  0.025 99.436 0.102 97.340 0.096 97.390
132  0.025 99.464 0.101 97.380 0.096 97.390
133  0.025 99.432 0.103 97.350 0.096 97.390
134  0.025 99.474 0.105 97.380 0.096 97.390
135  0.025 99.470 0.103 97.360 0.096 97.390
136  0.024 99.494 0.102 97.380 0.096 97.390
137  0.024 99.486 0.103 97.250 0.096 97.390
138  0.024 99.492 0.103 97.320 0.096 97.390
139  0.023 99.506 0.103 97.410 0.096 97.390
140  0.023 99.504 0.102 97.350 0.096 97.390
141  0.023 99.536 0.103 97.350 0.096 97.390
142  0.023 99.546 0.103 97.400 0.096 97.390
143  0.023 99.538 0.105 97.310 0.096 97.390
144  0.022 99.576 0.103 97.310 0.096 97.390
145  0.022 99.572 0.104 97.300 0.096 97.390
146  0.022 99.554 0.107 97.280 0.096 97.390
147  0.021 99.584 0.105 97.350 0.096 97.390
148  0.021 99.586 0.105 97.350 0.096 97.390
149  0.021 99.594 0.106 97.300 0.096 97.390
150  0.021 99.590 0.105 97.340 0.096 97.390
151  0.021 99.588 0.107 97.380 0.096 97.390
152  0.021 99.610 0.107 97.330 0.096 97.390
153  0.020 99.624 0.106 97.280 0.096 97.390
154  0.020 99.616 0.107 97.350 0.096 97.390
155  0.020 99.626 0.106 97.280 0.096 97.390
156  0.020 99.628 0.107 97.310 0.096 97.390
157  0.019 99.656 0.107 97.290 0.096 97.390
158  0.019 99.682 0.108 97.310 0.096 97.390
159  0.019 99.660 0.108 97.250 0.096 97.390
160  0.019 99.680 0.106 97.290 0.096 97.390
161  0.019 99.678 0.107 97.270 0.096 97.390
162  0.018 99.690 0.107 97.300 0.096 97.390
163  0.018 99.676 0.107 97.340 0.096 97.390
164  0.018 99.712 0.108 97.340 0.096 97.390
165  0.018 99.716 0.107 97.280 0.096 97.390
166  0.018 99.706 0.109 97.220 0.096 97.390
167  0.018 99.710 0.110 97.360 0.096 97.390
168  0.017 99.716 0.111 97.180 0.096 97.390
169  0.017 99.704 0.109 97.270 0.096 97.390
170  0.017 99.738 0.109 97.300 0.096 97.390
171  0.017 99.736 0.108 97.330 0.096 97.390
172  0.016 99.726 0.110 97.210 0.096 97.390
173  0.016 99.758 0.109 97.200 0.096 97.390
174  0.016 99.752 0.110 97.170 0.096 97.390
175  0.016 99.752 0.110 97.220 0.096 97.390
176  0.016 99.758 0.110 97.290 0.096 97.390
177  0.016 99.756 0.111 97.190 0.096 97.390
178  0.016 99.768 0.111 97.270 0.096 97.390
179  0.015 99.784 0.110 97.240 0.096 97.390
180  0.015 99.782 0.111 97.290 0.096 97.390
181  0.015 99.784 0.111 97.260 0.096 97.390
182  0.015 99.802 0.114 97.310 0.096 97.390
183  0.015 99.798 0.111 97.260 0.096 97.390
184  0.015 99.796 0.112 97.190 0.096 97.390
185  0.014 99.816 0.113 97.240 0.096 97.390
186  0.015 99.788 0.113 97.240 0.096 97.390
187  0.014 99.818 0.113 97.210 0.096 97.390
188  0.014 99.810 0.112 97.270 0.096 97.390
189  0.014 99.822 0.112 97.210 0.096 97.390
190  0.014 99.830 0.113 97.200 0.096 97.390
191  0.014 99.828 0.114 97.250 0.096 97.390
192  0.014 99.830 0.113 97.190 0.096 97.390
193  0.013 99.852 0.113 97.210 0.096 97.390
194  0.013 99.848 0.115 97.190 0.096 97.390
195  0.013 99.842 0.116 97.250 0.096 97.390
196  0.013 99.844 0.114 97.280 0.096 97.390
197  0.013 99.846 0.115 97.270 0.096 97.390
198  0.013 99.864 0.114 97.230 0.096 97.390
199  0.013 99.854 0.115 97.210 0.096 97.390
