0  1.780 49.928 1.318 72.420 1.319 72.180
1  0.970 79.688 0.685 85.810 0.697 84.690
2  0.572 87.148 0.448 90.100 0.464 89.430
3  0.409 90.074 0.346 91.900 0.363 91.310
4  0.334 91.562 0.297 92.710 0.313 92.250
5  0.291 92.416 0.266 93.190 0.280 92.830
6  0.261 93.038 0.243 93.580 0.257 93.330
7  0.239 93.572 0.227 93.900 0.240 93.730
8  0.222 94.026 0.214 94.170 0.225 93.980
9  0.208 94.314 0.204 94.420 0.215 94.200
10  0.198 94.588 0.196 94.650 0.207 94.460
11  0.189 94.798 0.188 94.860 0.200 94.620
12  0.181 95.004 0.183 94.860 0.200 94.620
13  0.175 95.112 0.178 95.100 0.188 94.870
14  0.169 95.322 0.174 95.170 0.183 95.010
15  0.164 95.432 0.170 95.260 0.178 95.140
16  0.160 95.532 0.166 95.480 0.175 95.250
17  0.156 95.640 0.163 95.580 0.171 95.350
18  0.152 95.752 0.161 95.470 0.171 95.350
19  0.148 95.828 0.158 95.590 0.164 95.550
20  0.145 95.906 0.156 95.710 0.162 95.550
21  0.142 95.938 0.154 95.760 0.160 95.700
22  0.140 96.010 0.153 95.750 0.160 95.700
23  0.137 96.124 0.150 95.850 0.157 95.720
24  0.134 96.150 0.149 95.840 0.157 95.720
25  0.132 96.206 0.147 95.830 0.157 95.720
26  0.130 96.284 0.145 95.940 0.150 95.840
27  0.128 96.334 0.143 96.070 0.150 95.830
28  0.126 96.406 0.143 96.080 0.149 95.780
29  0.124 96.462 0.141 96.010 0.149 95.780
30  0.122 96.516 0.140 96.000 0.149 95.780
31  0.120 96.580 0.139 96.150 0.144 95.970
32  0.119 96.618 0.138 96.120 0.144 95.970
33  0.117 96.640 0.137 96.070 0.144 95.970
34  0.116 96.710 0.136 96.060 0.144 95.970
35  0.114 96.768 0.135 96.130 0.144 95.970
36  0.113 96.820 0.134 96.170 0.139 96.050
37  0.111 96.828 0.134 96.170 0.139 96.050
38  0.110 96.864 0.132 96.360 0.138 96.150
39  0.109 96.898 0.131 96.280 0.138 96.150
40  0.107 96.962 0.132 96.340 0.138 96.150
41  0.106 96.954 0.129 96.350 0.138 96.150
42  0.105 96.980 0.131 96.450 0.136 96.170
43  0.104 97.040 0.128 96.310 0.136 96.170
44  0.103 97.090 0.128 96.420 0.136 96.170
45  0.102 97.102 0.127 96.420 0.136 96.170
46  0.101 97.122 0.127 96.440 0.136 96.170
47  0.100 97.176 0.126 96.490 0.130 96.260
48  0.099 97.188 0.126 96.450 0.130 96.260
49  0.098 97.226 0.125 96.450 0.130 96.260
50  0.097 97.214 0.124 96.500 0.130 96.340
51  0.096 97.304 0.124 96.490 0.130 96.340
52  0.095 97.318 0.124 96.520 0.128 96.330
53  0.094 97.334 0.123 96.490 0.128 96.330
54  0.093 97.326 0.122 96.600 0.127 96.340
55  0.092 97.332 0.123 96.540 0.127 96.340
56  0.092 97.380 0.122 96.530 0.127 96.340
57  0.091 97.448 0.122 96.640 0.127 96.300
58  0.090 97.426 0.121 96.520 0.127 96.300
59  0.089 97.444 0.121 96.620 0.127 96.300
60  0.088 97.446 0.120 96.550 0.127 96.300
61  0.088 97.534 0.119 96.630 0.127 96.300
62  0.087 97.490 0.120 96.690 0.125 96.390
63  0.087 97.534 0.119 96.640 0.125 96.390
64  0.086 97.540 0.119 96.680 0.125 96.390
65  0.085 97.594 0.118 96.660 0.125 96.390
66  0.084 97.580 0.119 96.640 0.125 96.390
67  0.084 97.630 0.118 96.680 0.125 96.390
68  0.083 97.638 0.118 96.610 0.125 96.390
69  0.083 97.632 0.117 96.650 0.125 96.390
70  0.082 97.638 0.117 96.660 0.125 96.390
71  0.081 97.690 0.116 96.700 0.123 96.410
72  0.081 97.690 0.117 96.710 0.124 96.380
73  0.080 97.744 0.117 96.710 0.124 96.380
74  0.080 97.774 0.117 96.770 0.123 96.420
75  0.079 97.686 0.116 96.650 0.123 96.420
76  0.078 97.784 0.117 96.630 0.123 96.420
77  0.078 97.748 0.116 96.660 0.123 96.420
78  0.077 97.782 0.116 96.690 0.123 96.420
79  0.077 97.802 0.116 96.660 0.123 96.420
80  0.076 97.812 0.115 96.790 0.120 96.530
81  0.076 97.840 0.117 96.750 0.120 96.530
82  0.075 97.848 0.116 96.790 0.120 96.530
83  0.075 97.872 0.115 96.710 0.120 96.530
84  0.074 97.886 0.114 96.790 0.120 96.530
85  0.074 97.872 0.115 96.820 0.121 96.490
86  0.073 97.866 0.116 96.770 0.121 96.490
87  0.073 97.920 0.114 96.790 0.121 96.490
88  0.072 97.936 0.114 96.730 0.121 96.490
89  0.072 97.902 0.115 96.760 0.121 96.490
90  0.072 97.944 0.114 96.820 0.121 96.490
91  0.071 97.976 0.114 96.780 0.121 96.490
92  0.071 97.958 0.114 96.680 0.121 96.490
93  0.070 97.966 0.114 96.870 0.118 96.600
94  0.070 97.986 0.114 96.730 0.118 96.600
95  0.070 97.992 0.114 96.800 0.118 96.600
96  0.069 98.012 0.113 96.810 0.118 96.600
97  0.069 98.046 0.114 96.840 0.118 96.600
98  0.068 98.056 0.113 96.800 0.118 96.600
99  0.068 98.072 0.113 96.860 0.118 96.600
100  0.068 98.072 0.114 96.810 0.118 96.600
101  0.067 98.078 0.114 96.770 0.118 96.600
102  0.067 98.058 0.114 96.800 0.118 96.600
103  0.067 98.080 0.115 96.720 0.118 96.600
104  0.066 98.126 0.114 96.800 0.118 96.600
105  0.066 98.146 0.114 96.750 0.118 96.600
106  0.065 98.126 0.114 96.800 0.118 96.600
107  0.065 98.112 0.114 96.790 0.118 96.600
108  0.065 98.146 0.114 96.850 0.118 96.600
109  0.064 98.156 0.114 96.790 0.118 96.600
110  0.064 98.170 0.114 96.850 0.118 96.600
111  0.064 98.204 0.113 96.840 0.118 96.600
112  0.063 98.262 0.113 96.860 0.118 96.600
113  0.063 98.216 0.114 96.730 0.118 96.600
114  0.063 98.256 0.113 96.790 0.118 96.600
115  0.062 98.218 0.114 96.760 0.118 96.600
116  0.062 98.220 0.114 96.710 0.118 96.600
117  0.062 98.244 0.114 96.780 0.118 96.600
118  0.061 98.274 0.114 96.800 0.118 96.600
119  0.061 98.246 0.114 96.790 0.118 96.600
120  0.061 98.278 0.113 96.780 0.118 96.600
121  0.061 98.286 0.113 96.780 0.118 96.600
122  0.060 98.316 0.114 96.740 0.118 96.600
123  0.060 98.352 0.115 96.740 0.118 96.600
124  0.060 98.338 0.114 96.810 0.118 96.600
125  0.059 98.330 0.113 96.850 0.118 96.600
126  0.059 98.360 0.113 96.800 0.118 96.600
127  0.059 98.384 0.114 96.800 0.118 96.600
128  0.059 98.372 0.115 96.750 0.118 96.600
129  0.059 98.360 0.113 96.910 0.119 96.660
130  0.058 98.396 0.115 96.770 0.119 96.660
131  0.058 98.424 0.114 96.860 0.119 96.660
132  0.057 98.402 0.113 96.850 0.119 96.660
133  0.057 98.394 0.114 96.740 0.119 96.660
134  0.057 98.416 0.114 96.710 0.119 96.660
135  0.057 98.444 0.114 96.860 0.119 96.660
136  0.057 98.442 0.115 96.780 0.119 96.660
137  0.056 98.452 0.115 96.890 0.119 96.660
138  0.056 98.450 0.114 96.750 0.119 96.660
139  0.056 98.472 0.115 96.810 0.119 96.660
140  0.056 98.474 0.115 96.790 0.119 96.660
141  0.055 98.486 0.114 96.870 0.119 96.660
142  0.055 98.472 0.116 96.880 0.119 96.660
143  0.055 98.504 0.115 96.770 0.119 96.660
144  0.055 98.468 0.116 96.770 0.119 96.660
145  0.054 98.534 0.116 96.830 0.119 96.660
146  0.054 98.490 0.115 96.760 0.119 96.660
147  0.054 98.562 0.115 96.770 0.119 96.660
148  0.054 98.550 0.115 96.750 0.119 96.660
149  0.054 98.554 0.115 96.870 0.119 96.660
150  0.053 98.582 0.115 96.810 0.119 96.660
151  0.053 98.566 0.115 96.810 0.119 96.660
152  0.053 98.528 0.114 96.900 0.119 96.660
153  0.053 98.604 0.116 96.850 0.119 96.660
154  0.052 98.636 0.117 96.830 0.119 96.660
155  0.052 98.600 0.116 96.790 0.119 96.660
156  0.052 98.592 0.116 96.700 0.119 96.660
157  0.052 98.580 0.115 96.800 0.119 96.660
158  0.052 98.648 0.116 96.790 0.119 96.660
159  0.051 98.636 0.115 96.820 0.119 96.660
160  0.051 98.678 0.115 96.870 0.119 96.660
161  0.051 98.628 0.116 96.800 0.119 96.660
162  0.051 98.664 0.116 96.770 0.119 96.660
163  0.051 98.622 0.116 96.660 0.119 96.660
164  0.051 98.636 0.117 96.800 0.119 96.660
165  0.050 98.642 0.116 96.890 0.119 96.660
166  0.050 98.648 0.115 96.780 0.119 96.660
167  0.050 98.688 0.116 96.860 0.119 96.660
168  0.050 98.712 0.117 96.720 0.119 96.660
169  0.050 98.696 0.116 96.790 0.119 96.660
170  0.049 98.670 0.117 96.770 0.119 96.660
171  0.049 98.674 0.117 96.750 0.119 96.660
172  0.049 98.698 0.116 96.850 0.119 96.660
173  0.049 98.680 0.117 96.780 0.119 96.660
174  0.049 98.738 0.118 96.680 0.119 96.660
175  0.049 98.724 0.116 96.720 0.119 96.660
176  0.048 98.722 0.117 96.690 0.119 96.660
177  0.048 98.740 0.117 96.780 0.119 96.660
178  0.048 98.712 0.118 96.740 0.119 96.660
179  0.048 98.742 0.116 96.750 0.119 96.660
180  0.048 98.770 0.117 96.710 0.119 96.660
181  0.048 98.732 0.118 96.740 0.119 96.660
182  0.047 98.790 0.118 96.670 0.119 96.660
183  0.047 98.772 0.118 96.770 0.119 96.660
184  0.047 98.786 0.117 96.780 0.119 96.660
185  0.047 98.762 0.117 96.700 0.119 96.660
186  0.046 98.784 0.117 96.780 0.119 96.660
187  0.047 98.784 0.117 96.780 0.119 96.660
188  0.047 98.768 0.118 96.670 0.119 96.660
189  0.046 98.812 0.119 96.680 0.119 96.660
190  0.046 98.770 0.118 96.780 0.119 96.660
191  0.046 98.824 0.119 96.680 0.119 96.660
192  0.046 98.820 0.118 96.780 0.119 96.660
193  0.046 98.854 0.119 96.750 0.119 96.660
194  0.046 98.832 0.118 96.710 0.119 96.660
195  0.045 98.866 0.118 96.790 0.119 96.660
196  0.045 98.814 0.118 96.760 0.119 96.660
197  0.045 98.852 0.119 96.710 0.119 96.660
198  0.045 98.864 0.120 96.760 0.119 96.660
199  0.045 98.852 0.118 96.750 0.119 96.660
