0  2.160 27.444 1.991 39.778 1.986 43.700
1  1.807 50.044 1.646 49.556 1.655 49.300
2  1.528 54.578 1.417 56.222 1.455 53.200
3  1.355 59.778 1.275 61.333 1.303 60.000
4  1.226 62.800 1.192 62.000 1.228 61.200
5  1.112 67.467 1.134 64.889 1.179 62.500
6  1.025 69.244 1.030 68.889 1.064 68.300
7  0.948 72.244 0.981 69.333 1.000 69.400
8  0.878 73.222 0.955 69.556 0.972 69.100
9  0.824 75.711 0.908 71.556 0.930 70.000
10  0.774 76.533 0.841 73.111 0.860 74.300
11  0.732 77.822 0.820 73.333 0.826 73.800
12  0.689 79.667 0.796 74.222 0.806 74.600
13  0.660 79.889 0.815 72.222 0.806 74.600
14  0.626 80.933 0.764 74.889 0.772 74.700
15  0.596 82.111 0.752 74.444 0.772 74.700
16  0.569 83.111 0.775 74.222 0.772 74.700
17  0.550 83.222 0.769 72.444 0.772 74.700
18  0.524 84.600 0.729 76.222 0.713 76.700
19  0.504 85.178 0.739 75.556 0.713 76.700
20  0.480 85.889 0.709 76.889 0.699 76.800
21  0.460 86.600 0.711 77.111 0.691 77.600
22  0.439 87.444 0.717 75.556 0.691 77.600
23  0.422 87.711 0.770 73.778 0.691 77.600
24  0.410 88.311 0.721 76.000 0.691 77.600
25  0.390 89.089 0.705 76.444 0.691 77.600
26  0.377 89.156 0.695 76.444 0.691 77.600
27  0.361 90.044 0.700 76.889 0.691 77.600
28  0.346 90.467 0.711 75.333 0.691 77.600
29  0.331 91.022 0.695 76.667 0.691 77.600
30  0.318 91.778 0.714 77.111 0.691 77.600
31  0.307 91.822 0.698 76.222 0.691 77.600
32  0.291 92.378 0.746 75.111 0.691 77.600
33  0.279 92.644 0.731 75.333 0.691 77.600
34  0.265 93.578 0.705 77.111 0.651 78.300
35  0.254 93.600 0.720 76.222 0.651 78.300
36  0.244 94.044 0.746 75.111 0.651 78.300
37  0.235 94.311 0.713 76.222 0.651 78.300
38  0.225 95.222 0.718 76.444 0.651 78.300
39  0.213 95.267 0.744 74.889 0.651 78.300
40  0.205 95.756 0.738 75.778 0.651 78.300
41  0.196 95.933 0.753 75.333 0.651 78.300
42  0.187 96.244 0.743 76.889 0.651 78.300
43  0.177 96.600 0.763 75.556 0.651 78.300
44  0.165 97.067 0.730 76.222 0.651 78.300
45  0.159 97.222 0.747 76.667 0.651 78.300
46  0.150 97.467 0.757 76.889 0.651 78.300
47  0.142 97.711 0.760 77.556 0.696 78.700
48  0.135 97.756 0.777 75.778 0.696 78.700
49  0.128 98.311 0.780 75.111 0.696 78.700
50  0.121 98.378 0.794 74.889 0.696 78.700
51  0.113 98.644 0.782 75.778 0.696 78.700
52  0.106 98.667 0.789 77.111 0.696 78.700
53  0.102 98.822 0.785 76.889 0.696 78.700
54  0.095 99.000 0.813 76.444 0.696 78.700
55  0.090 99.133 0.822 75.111 0.696 78.700
56  0.084 99.444 0.839 75.778 0.696 78.700
57  0.080 99.356 0.855 75.778 0.696 78.700
58  0.074 99.667 0.823 75.778 0.696 78.700
59  0.069 99.622 0.854 76.444 0.696 78.700
60  0.068 99.489 0.866 74.667 0.696 78.700
61  0.063 99.711 0.876 77.111 0.696 78.700
62  0.058 99.800 0.880 76.000 0.696 78.700
63  0.055 99.800 0.874 76.889 0.696 78.700
64  0.050 99.844 0.907 76.444 0.696 78.700
65  0.047 99.933 0.916 76.222 0.696 78.700
66  0.045 99.889 0.905 77.778 0.814 77.800
67  0.043 99.844 0.905 76.667 0.814 77.800
68  0.040 99.933 0.908 77.111 0.814 77.800
69  0.038 99.889 0.935 77.556 0.814 77.800
70  0.035 100.000 0.918 76.667 0.814 77.800
71  0.032 99.978 1.007 76.000 0.814 77.800
72  0.030 99.956 0.966 75.556 0.814 77.800
73  0.028 100.000 0.960 77.333 0.814 77.800
74  0.026 100.000 0.991 76.222 0.814 77.800
75  0.026 99.956 1.000 76.444 0.814 77.800
76  0.023 100.000 1.016 76.444 0.814 77.800
77  0.021 100.000 1.004 77.111 0.814 77.800
78  0.021 99.978 1.017 76.222 0.814 77.800
79  0.020 100.000 1.051 76.222 0.814 77.800
80  0.018 100.000 1.066 76.222 0.814 77.800
81  0.016 100.000 1.072 76.667 0.814 77.800
82  0.015 100.000 1.077 76.667 0.814 77.800
83  0.014 100.000 1.085 76.444 0.814 77.800
84  0.014 100.000 1.112 75.778 0.814 77.800
85  0.013 100.000 1.109 76.667 0.814 77.800
86  0.012 100.000 1.123 76.667 0.814 77.800
87  0.012 99.978 1.143 76.444 0.814 77.800
88  0.011 100.000 1.139 76.000 0.814 77.800
89  0.010 100.000 1.172 76.222 0.814 77.800
90  0.009 100.000 1.155 76.889 0.814 77.800
91  0.009 100.000 1.194 76.222 0.814 77.800
92  0.008 100.000 1.186 76.444 0.814 77.800
93  0.008 100.000 1.224 76.667 0.814 77.800
94  0.007 100.000 1.215 77.556 0.814 77.800
95  0.007 100.000 1.225 76.444 0.814 77.800
96  0.006 100.000 1.244 75.556 0.814 77.800
97  0.006 100.000 1.228 76.222 0.814 77.800
98  0.006 100.000 1.274 76.222 0.814 77.800
99  0.005 100.000 1.255 77.444 0.814 77.800
