0  2.207 28.911 2.097 38.889 2.090 42.200
1  1.955 52.289 1.835 55.556 1.827 57.500
2  1.696 58.933 1.600 60.444 1.592 61.000
3  1.484 62.511 1.425 64.444 1.419 62.400
4  1.323 66.133 1.300 62.667 1.419 62.400
5  1.203 66.844 1.197 66.444 1.194 65.900
6  1.106 69.556 1.127 66.889 1.120 66.200
7  1.024 71.778 1.076 67.778 1.061 68.000
8  0.958 72.822 1.028 68.222 1.012 68.600
9  0.896 74.689 0.993 70.889 0.977 69.000
10  0.850 75.578 0.945 70.667 0.977 69.000
11  0.805 76.244 0.933 70.889 0.900 71.000
12  0.765 77.911 0.889 73.111 0.869 72.300
13  0.732 78.267 0.877 74.222 0.849 72.300
14  0.698 79.200 0.880 72.444 0.849 72.300
15  0.667 80.356 0.843 74.667 0.816 72.600
16  0.642 80.978 0.830 73.111 0.816 72.600
17  0.617 81.778 0.821 73.778 0.816 72.600
18  0.593 82.800 0.801 75.333 0.766 75.600
19  0.572 83.467 0.801 74.667 0.766 75.600
20  0.551 84.000 0.783 74.667 0.766 75.600
21  0.531 84.378 0.785 74.667 0.766 75.600
22  0.510 85.244 0.779 75.778 0.734 75.000
23  0.495 85.956 0.771 75.556 0.734 75.000
24  0.479 86.444 0.755 75.778 0.714 75.800
25  0.460 86.978 0.749 76.667 0.711 76.400
26  0.444 87.933 0.747 75.333 0.711 76.400
27  0.429 87.844 0.742 75.778 0.711 76.400
28  0.415 88.689 0.733 75.778 0.711 76.400
29  0.402 89.422 0.737 75.333 0.711 76.400
30  0.389 89.644 0.735 76.444 0.711 76.400
31  0.376 90.356 0.727 75.556 0.711 76.400
32  0.362 90.778 0.725 75.778 0.711 76.400
33  0.352 91.133 0.717 75.556 0.711 76.400
34  0.336 91.689 0.721 75.778 0.711 76.400
35  0.328 92.044 0.724 76.889 0.680 76.300
36  0.317 91.933 0.709 76.889 0.668 77.300
37  0.305 92.756 0.717 76.222 0.668 77.300
38  0.297 92.800 0.716 77.111 0.667 78.000
39  0.286 93.311 0.722 75.556 0.667 78.000
40  0.277 93.867 0.726 74.000 0.667 78.000
41  0.266 94.067 0.718 75.556 0.667 78.000
42  0.257 94.333 0.719 74.444 0.667 78.000
43  0.251 94.489 0.703 76.000 0.667 78.000
44  0.240 95.022 0.702 75.333 0.667 78.000
45  0.232 95.089 0.710 75.333 0.667 78.000
46  0.224 95.533 0.710 76.444 0.667 78.000
47  0.216 95.778 0.717 76.222 0.667 78.000
48  0.208 95.978 0.718 76.222 0.667 78.000
49  0.200 96.378 0.723 76.444 0.667 78.000
50  0.193 96.533 0.725 75.778 0.667 78.000
51  0.185 96.756 0.731 76.889 0.667 78.000
52  0.179 96.844 0.725 76.222 0.667 78.000
53  0.172 97.378 0.733 75.111 0.667 78.000
54  0.166 97.067 0.731 76.889 0.667 78.000
55  0.159 97.489 0.730 76.889 0.667 78.000
56  0.153 97.867 0.734 76.444 0.667 78.000
57  0.146 98.133 0.732 76.444 0.667 78.000
58  0.142 98.111 0.746 76.667 0.667 78.000
59  0.135 98.333 0.750 75.333 0.667 78.000
60  0.131 98.356 0.753 75.778 0.667 78.000
61  0.125 98.622 0.760 75.333 0.667 78.000
62  0.120 98.867 0.753 76.444 0.667 78.000
63  0.116 98.889 0.753 76.444 0.667 78.000
64  0.110 99.022 0.766 74.667 0.667 78.000
65  0.107 99.133 0.764 75.333 0.667 78.000
66  0.102 99.244 0.772 76.000 0.667 78.000
67  0.097 99.311 0.790 75.778 0.667 78.000
68  0.094 99.244 0.776 76.667 0.667 78.000
69  0.089 99.622 0.774 76.222 0.667 78.000
70  0.086 99.511 0.788 76.444 0.667 78.000
71  0.082 99.689 0.781 76.000 0.667 78.000
72  0.078 99.578 0.779 76.222 0.667 78.000
73  0.074 99.778 0.780 76.222 0.667 78.000
74  0.071 99.733 0.830 75.556 0.667 78.000
75  0.068 99.800 0.798 76.667 0.667 78.000
76  0.066 99.844 0.800 75.778 0.667 78.000
77  0.064 99.889 0.806 76.444 0.667 78.000
78  0.060 99.867 0.813 76.444 0.667 78.000
79  0.057 99.933 0.827 75.778 0.667 78.000
80  0.055 99.978 0.827 75.333 0.667 78.000
81  0.052 100.000 0.824 76.222 0.667 78.000
82  0.050 99.978 0.839 76.000 0.667 78.000
83  0.048 100.000 0.841 75.333 0.667 78.000
84  0.046 99.933 0.845 76.222 0.667 78.000
85  0.043 100.000 0.852 76.667 0.667 78.000
86  0.042 100.000 0.849 76.000 0.667 78.000
87  0.040 100.000 0.856 76.000 0.667 78.000
88  0.039 100.000 0.876 76.222 0.667 78.000
89  0.036 100.000 0.886 75.333 0.667 78.000
90  0.035 100.000 0.884 75.333 0.667 78.000
91  0.033 100.000 0.886 76.889 0.667 78.000
92  0.032 100.000 0.898 75.778 0.667 78.000
93  0.031 100.000 0.909 76.222 0.667 78.000
94  0.030 100.000 0.910 75.556 0.667 78.000
95  0.028 100.000 0.907 75.556 0.667 78.000
96  0.027 100.000 0.900 75.778 0.667 78.000
97  0.026 100.000 0.919 76.667 0.667 78.000
98  0.025 100.000 0.930 76.222 0.840 76.800
99  0.024 100.000 0.966 76.889 0.840 76.800
