0  2.201 27.822 2.092 36.000 2.081 37.100
1  1.946 50.356 1.835 49.333 1.832 50.400
2  1.704 57.867 1.609 58.222 1.603 60.800
3  1.501 61.600 1.447 60.889 1.444 61.200
4  1.349 64.733 1.320 62.667 1.313 63.000
5  1.226 66.733 1.223 65.778 1.215 67.000
6  1.135 69.089 1.160 67.111 1.148 67.200
7  1.056 70.733 1.103 66.222 1.148 67.200
8  0.987 72.022 1.055 68.889 1.039 69.800
9  0.931 73.422 1.017 69.556 0.990 70.200
10  0.882 74.956 0.975 71.778 0.955 70.900
11  0.837 76.222 0.961 71.556 0.955 70.900
12  0.798 76.867 0.932 72.222 0.903 72.500
13  0.760 77.822 0.910 73.556 0.873 71.800
14  0.730 78.822 0.897 72.667 0.873 71.800
15  0.700 79.244 0.890 72.444 0.873 71.800
16  0.671 80.356 0.874 73.778 0.828 73.100
17  0.646 80.600 0.848 74.000 0.800 74.900
18  0.624 81.800 0.841 75.111 0.798 74.500
19  0.601 82.222 0.828 74.444 0.798 74.500
20  0.579 82.844 0.821 74.222 0.798 74.500
21  0.557 83.644 0.813 73.778 0.798 74.500
22  0.539 84.022 0.815 73.778 0.798 74.500
23  0.519 85.267 0.809 72.889 0.798 74.500
24  0.500 85.911 0.802 74.222 0.798 74.500
25  0.487 86.156 0.795 73.333 0.798 74.500
26  0.469 86.867 0.780 74.444 0.798 74.500
27  0.452 87.533 0.797 72.444 0.798 74.500
28  0.439 87.956 0.779 73.111 0.798 74.500
29  0.424 88.133 0.773 73.778 0.798 74.500
30  0.409 88.933 0.766 73.778 0.798 74.500
31  0.398 89.200 0.760 73.556 0.798 74.500
32  0.384 90.000 0.756 73.778 0.798 74.500
33  0.370 90.000 0.757 75.111 0.798 74.500
34  0.357 91.022 0.772 75.111 0.798 74.500
35  0.347 90.978 0.747 74.889 0.798 74.500
36  0.335 91.956 0.762 73.556 0.798 74.500
37  0.323 91.978 0.748 74.889 0.798 74.500
38  0.313 92.378 0.755 73.778 0.798 74.500
39  0.303 92.800 0.754 75.111 0.798 74.500
40  0.293 93.267 0.762 74.889 0.798 74.500
41  0.283 93.711 0.769 73.778 0.798 74.500
42  0.271 94.044 0.746 74.667 0.798 74.500
43  0.263 94.556 0.749 74.000 0.798 74.500
44  0.254 94.511 0.757 74.444 0.798 74.500
45  0.244 94.911 0.755 74.889 0.798 74.500
46  0.237 95.311 0.753 74.889 0.798 74.500
47  0.230 95.511 0.755 73.778 0.798 74.500
48  0.219 95.956 0.757 74.667 0.798 74.500
49  0.212 95.956 0.766 74.667 0.798 74.500
50  0.204 96.267 0.766 74.667 0.798 74.500
51  0.197 96.622 0.757 74.000 0.798 74.500
52  0.190 96.956 0.774 73.111 0.798 74.500
53  0.183 96.822 0.784 73.333 0.798 74.500
54  0.177 97.267 0.763 74.222 0.798 74.500
55  0.171 97.133 0.797 74.000 0.798 74.500
56  0.163 97.600 0.768 74.667 0.798 74.500
57  0.158 97.733 0.776 74.222 0.798 74.500
58  0.151 97.889 0.788 74.000 0.798 74.500
59  0.145 97.978 0.789 74.444 0.798 74.500
60  0.140 98.156 0.779 75.333 0.681 78.200
61  0.134 98.356 0.806 73.778 0.681 78.200
62  0.127 98.778 0.797 74.889 0.681 78.200
63  0.123 98.756 0.789 74.667 0.681 78.200
64  0.117 98.844 0.828 72.889 0.681 78.200
65  0.114 98.844 0.824 74.222 0.681 78.200
66  0.108 99.089 0.815 75.556 0.687 77.600
67  0.105 99.178 0.805 75.556 0.687 77.600
68  0.100 99.289 0.843 74.000 0.687 77.600
69  0.096 99.311 0.813 74.667 0.687 77.600
70  0.091 99.489 0.824 74.667 0.687 77.600
71  0.087 99.511 0.844 74.667 0.687 77.600
72  0.084 99.622 0.834 74.444 0.687 77.600
73  0.081 99.756 0.826 75.111 0.687 77.600
74  0.078 99.778 0.837 74.889 0.687 77.600
75  0.074 99.711 0.840 75.111 0.687 77.600
76  0.071 99.844 0.864 74.444 0.687 77.600
77  0.068 99.844 0.854 75.111 0.687 77.600
78  0.064 99.867 0.895 73.556 0.687 77.600
79  0.061 99.911 0.862 75.333 0.687 77.600
80  0.060 99.911 0.879 74.667 0.687 77.600
81  0.056 99.978 0.896 74.222 0.687 77.600
82  0.054 99.933 0.888 74.444 0.687 77.600
83  0.051 100.000 0.895 74.667 0.687 77.600
84  0.050 99.978 0.886 75.556 0.687 77.600
85  0.047 100.000 0.893 75.333 0.687 77.600
86  0.045 100.000 0.924 74.222 0.687 77.600
87  0.043 99.978 0.917 73.778 0.687 77.600
88  0.041 100.000 0.930 74.000 0.687 77.600
89  0.039 100.000 0.917 75.778 0.771 77.800
90  0.038 99.978 0.918 75.556 0.771 77.800
91  0.036 99.978 0.924 75.111 0.771 77.800
92  0.034 99.978 0.938 74.444 0.771 77.800
93  0.033 100.000 0.932 75.111 0.771 77.800
94  0.032 100.000 0.954 75.111 0.771 77.800
95  0.030 100.000 0.982 74.222 0.771 77.800
96  0.030 100.000 0.950 75.111 0.771 77.800
97  0.028 100.000 0.970 74.444 0.771 77.800
98  0.027 100.000 0.967 75.111 0.771 77.800
99  0.026 100.000 0.975 74.889 0.771 77.800
