0  2.143 31.711 1.965 44.444 1.959 46.200
1  1.790 49.733 1.646 50.000 1.644 50.900
2  1.524 55.622 1.422 57.778 1.455 55.100
3  1.344 60.133 1.269 61.778 1.298 60.800
4  1.210 63.267 1.179 65.111 1.215 62.600
5  1.099 67.311 1.088 67.556 1.108 65.600
6  1.009 69.622 1.031 70.000 1.033 67.000
7  0.927 72.844 0.971 71.111 0.970 69.300
8  0.867 74.289 0.963 69.778 0.970 69.300
9  0.813 75.600 0.923 71.333 0.901 71.200
10  0.766 76.689 0.909 70.889 0.901 71.200
11  0.725 78.067 0.876 72.444 0.839 72.600
12  0.686 79.000 0.830 74.444 0.796 73.700
13  0.651 80.244 0.846 73.333 0.796 73.700
14  0.622 81.178 0.834 73.111 0.796 73.700
15  0.594 81.511 0.799 75.556 0.761 73.500
16  0.567 82.867 0.814 74.444 0.761 73.500
17  0.544 83.511 0.787 73.556 0.761 73.500
18  0.519 84.911 0.780 74.889 0.761 73.500
19  0.495 85.356 0.805 74.000 0.761 73.500
20  0.479 85.400 0.756 75.778 0.705 76.400
21  0.453 87.222 0.782 74.889 0.705 76.400
22  0.442 87.333 0.774 74.000 0.705 76.400
23  0.419 87.378 0.785 74.222 0.705 76.400
24  0.402 88.311 0.806 74.000 0.705 76.400
25  0.386 89.244 0.782 74.444 0.705 76.400
26  0.368 90.089 0.779 74.667 0.705 76.400
27  0.354 90.644 0.811 73.333 0.705 76.400
28  0.341 90.533 0.752 74.667 0.705 76.400
29  0.324 91.178 0.788 74.444 0.705 76.400
30  0.314 91.422 0.796 73.333 0.705 76.400
31  0.299 91.867 0.779 74.222 0.705 76.400
32  0.287 92.311 0.778 76.444 0.683 78.600
33  0.276 93.111 0.786 74.889 0.683 78.600
34  0.262 93.556 0.793 76.889 0.706 77.500
35  0.252 93.822 0.790 75.111 0.706 77.500
36  0.240 94.289 0.794 75.333 0.706 77.500
37  0.228 94.556 0.798 75.556 0.706 77.500
38  0.219 94.667 0.791 75.111 0.706 77.500
39  0.210 95.044 0.828 75.111 0.706 77.500
40  0.201 95.533 0.816 74.222 0.706 77.500
41  0.190 95.822 0.851 74.444 0.706 77.500
42  0.179 96.511 0.813 74.667 0.706 77.500
43  0.171 96.533 0.833 74.889 0.706 77.500
44  0.162 96.800 0.867 75.333 0.706 77.500
45  0.154 97.111 0.857 73.778 0.706 77.500
46  0.144 97.422 0.844 75.778 0.706 77.500
47  0.137 97.711 0.859 73.333 0.706 77.500
48  0.131 97.844 0.843 75.111 0.706 77.500
49  0.122 97.956 0.888 73.333 0.706 77.500
50  0.115 98.489 0.892 73.111 0.706 77.500
51  0.108 98.489 0.881 74.000 0.706 77.500
52  0.105 98.622 0.881 75.333 0.706 77.500
53  0.099 98.800 0.883 75.556 0.706 77.500
54  0.090 99.111 0.909 74.222 0.706 77.500
55  0.086 99.156 0.942 73.556 0.706 77.500
56  0.082 99.178 0.934 73.778 0.706 77.500
57  0.076 99.356 0.942 76.667 0.706 77.500
58  0.071 99.467 0.935 75.333 0.706 77.500
59  0.067 99.533 0.978 72.889 0.706 77.500
60  0.063 99.689 0.958 75.556 0.706 77.500
61  0.059 99.600 1.040 72.667 0.706 77.500
62  0.055 99.822 0.995 74.222 0.706 77.500
63  0.052 99.800 1.010 74.222 0.706 77.500
64  0.049 99.844 1.044 76.000 0.706 77.500
65  0.045 99.844 1.021 75.333 0.706 77.500
66  0.042 99.867 1.022 75.333 0.706 77.500
67  0.039 99.867 1.033 74.667 0.706 77.500
68  0.037 99.867 1.066 74.222 0.706 77.500
69  0.034 99.911 1.108 74.444 0.706 77.500
70  0.032 99.978 1.131 72.667 0.706 77.500
71  0.029 99.933 1.107 74.444 0.706 77.500
72  0.028 99.956 1.174 73.556 0.706 77.500
73  0.026 99.978 1.151 73.111 0.706 77.500
74  0.025 99.978 1.165 73.556 0.706 77.500
75  0.023 99.978 1.163 74.889 0.706 77.500
76  0.022 99.956 1.185 74.222 0.706 77.500
77  0.020 99.978 1.202 74.000 0.706 77.500
78  0.018 100.000 1.217 74.000 0.706 77.500
79  0.018 100.000 1.221 74.222 0.706 77.500
80  0.016 100.000 1.221 73.778 0.706 77.500
81  0.016 99.911 1.233 74.889 0.706 77.500
82  0.014 100.000 1.251 74.444 0.706 77.500
83  0.013 100.000 1.274 73.778 0.706 77.500
84  0.013 100.000 1.307 74.444 0.706 77.500
85  0.011 100.000 1.298 74.222 0.706 77.500
86  0.011 99.978 1.304 73.333 0.706 77.500
87  0.010 100.000 1.330 74.222 0.706 77.500
88  0.009 100.000 1.345 74.222 0.706 77.500
89  0.008 100.000 1.365 74.667 0.706 77.500
90  0.008 100.000 1.380 73.778 0.706 77.500
91  0.007 100.000 1.389 74.222 0.706 77.500
92  0.007 100.000 1.416 74.444 0.706 77.500
93  0.006 100.000 1.448 74.444 0.706 77.500
94  0.006 100.000 1.454 73.556 0.706 77.500
95  0.006 100.000 1.464 74.667 0.706 77.500
96  0.005 100.000 1.492 73.556 0.706 77.500
97  0.005 99.978 1.496 73.333 0.706 77.500
98  0.005 100.000 1.496 74.222 0.706 77.500
99  0.004 100.000 1.530 73.778 0.706 77.500
