0  0.948 0.222 93.460 0.229 93.290
1  0.190 0.135 96.320 0.130 96.230
2  0.126 0.107 97.010 0.098 96.980
3  0.097 0.088 97.530 0.081 97.560
4  0.081 0.078 97.690 0.068 97.940
5  0.071 0.073 97.870 0.060 98.080
6  0.063 0.070 97.950 0.058 98.080
7  0.056 0.067 98.100 0.057 98.210
8  0.051 0.068 98.050 0.057 98.210
9  0.048 0.061 98.210 0.050 98.480
10  0.044 0.058 98.340 0.048 98.420
11  0.041 0.064 98.210 0.048 98.420
12  0.038 0.056 98.440 0.044 98.540
13  0.036 0.053 98.560 0.041 98.640
14  0.034 0.055 98.440 0.041 98.640
15  0.032 0.050 98.620 0.044 98.560
16  0.030 0.052 98.540 0.044 98.560
17  0.029 0.049 98.670 0.040 98.720
18  0.027 0.049 98.750 0.039 98.640
19  0.025 0.050 98.640 0.039 98.640
20  0.023 0.048 98.660 0.039 98.640
21  0.022 0.047 98.630 0.039 98.640
22  0.022 0.049 98.720 0.039 98.640
23  0.020 0.055 98.630 0.039 98.640
24  0.019 0.046 98.780 0.036 98.880
25  0.018 0.053 98.620 0.036 98.880
26  0.017 0.052 98.640 0.036 98.880
27  0.016 0.049 98.560 0.036 98.880
28  0.016 0.048 98.680 0.036 98.880
29  0.015 0.046 98.780 0.037 98.780
30  0.014 0.050 98.530 0.037 98.780
31  0.013 0.051 98.750 0.037 98.780
32  0.013 0.047 98.810 0.037 98.800
33  0.012 0.048 98.830 0.036 98.900
34  0.011 0.048 98.810 0.036 98.900
35  0.012 0.048 98.690 0.036 98.900
36  0.010 0.052 98.810 0.036 98.900
37  0.010 0.048 98.820 0.036 98.900
38  0.009 0.050 98.760 0.036 98.900
39  0.009 0.049 98.820 0.036 98.900
40  0.009 0.052 98.830 0.036 98.900
41  0.008 0.048 98.850 0.037 98.900
42  0.008 0.049 98.880 0.038 98.890
43  0.007 0.049 98.730 0.038 98.890
44  0.007 0.052 98.810 0.038 98.890
45  0.007 0.053 98.680 0.038 98.890
46  0.006 0.050 98.830 0.038 98.890
47  0.006 0.054 98.790 0.038 98.890
48  0.006 0.051 98.810 0.038 98.890
49  0.005 0.051 98.870 0.038 98.890
50  0.005 0.052 98.750 0.038 98.890
51  0.005 0.051 98.850 0.038 98.890
52  0.005 0.053 98.760 0.038 98.890
53  0.004 0.051 98.830 0.038 98.890
54  0.004 0.055 98.820 0.038 98.890
55  0.004 0.053 98.810 0.038 98.890
56  0.004 0.052 98.890 0.040 98.930
57  0.004 0.050 98.890 0.040 98.930
58  0.003 0.052 98.830 0.040 98.930
59  0.003 0.054 98.840 0.040 98.930
60  0.003 0.054 98.840 0.040 98.930
61  0.003 0.054 98.840 0.040 98.930
62  0.003 0.054 98.820 0.040 98.930
63  0.003 0.055 98.870 0.040 98.930
64  0.002 0.055 98.850 0.040 98.930
65  0.002 0.054 98.830 0.040 98.930
66  0.002 0.056 98.860 0.040 98.930
67  0.002 0.054 98.870 0.040 98.930
68  0.002 0.055 98.850 0.040 98.930
69  0.002 0.054 98.880 0.040 98.930
70  0.002 0.056 98.860 0.040 98.930
71  0.002 0.056 98.850 0.040 98.930
72  0.002 0.055 98.860 0.040 98.930
73  0.002 0.057 98.820 0.040 98.930
74  0.002 0.056 98.800 0.040 98.930
75  0.002 0.057 98.860 0.040 98.930
76  0.002 0.057 98.880 0.040 98.930
77  0.002 0.059 98.750 0.040 98.930
78  0.001 0.056 98.830 0.040 98.930
79  0.001 0.056 98.880 0.040 98.930
80  0.001 0.057 98.880 0.040 98.930
81  0.001 0.058 98.810 0.040 98.930
82  0.001 0.058 98.870 0.040 98.930
83  0.001 0.058 98.840 0.040 98.930
84  0.001 0.057 98.900 0.045 98.910
85  0.001 0.057 98.910 0.045 98.930
86  0.001 0.058 98.860 0.045 98.930
87  0.001 0.058 98.890 0.045 98.930
88  0.001 0.059 98.910 0.045 98.920
89  0.001 0.058 98.850 0.045 98.920
90  0.001 0.059 98.870 0.045 98.920
91  0.001 0.059 98.870 0.045 98.920
92  0.001 0.060 98.870 0.045 98.920
93  0.001 0.060 98.870 0.045 98.920
94  0.001 0.059 98.890 0.045 98.920
95  0.001 0.061 98.850 0.045 98.920
96  0.001 0.061 98.870 0.045 98.920
97  0.001 0.059 98.890 0.045 98.920
98  0.001 0.060 98.890 0.045 98.920
99  0.001 0.061 98.820 0.045 98.920
100  0.001 0.060 98.840 0.045 98.920
101  0.001 0.060 98.870 0.045 98.920
102  0.001 0.062 98.850 0.045 98.920
103  0.001 0.062 98.900 0.045 98.920
104  0.001 0.062 98.860 0.045 98.920
105  0.001 0.061 98.880 0.045 98.920
106  0.001 0.061 98.850 0.045 98.920
107  0.001 0.062 98.870 0.045 98.920
108  0.001 0.061 98.850 0.045 98.920
109  0.001 0.062 98.850 0.045 98.920
110  0.001 0.061 98.900 0.045 98.920
111  0.001 0.063 98.890 0.045 98.920
112  0.001 0.062 98.860 0.045 98.920
113  0.001 0.062 98.850 0.045 98.920
114  0.001 0.063 98.890 0.045 98.920
115  0.001 0.062 98.860 0.045 98.920
116  0.001 0.063 98.870 0.045 98.920
117  0.000 0.063 98.870 0.045 98.920
118  0.000 0.063 98.870 0.045 98.920
119  0.000 0.064 98.850 0.045 98.920
120  0.000 0.063 98.870 0.045 98.920
121  0.000 0.063 98.850 0.045 98.920
122  0.000 0.064 98.880 0.045 98.920
123  0.000 0.064 98.870 0.045 98.920
124  0.000 0.064 98.880 0.045 98.920
125  0.000 0.065 98.870 0.045 98.920
126  0.000 0.065 98.880 0.045 98.920
127  0.000 0.065 98.900 0.045 98.920
128  0.000 0.064 98.830 0.045 98.920
129  0.000 0.064 98.890 0.045 98.920
130  0.000 0.065 98.870 0.045 98.920
131  0.000 0.065 98.870 0.045 98.920
132  0.000 0.065 98.890 0.045 98.920
133  0.000 0.065 98.830 0.045 98.920
134  0.000 0.065 98.870 0.045 98.920
135  0.000 0.065 98.900 0.045 98.920
136  0.000 0.065 98.840 0.045 98.920
137  0.000 0.065 98.870 0.045 98.920
138  0.000 0.065 98.860 0.045 98.920
139  0.000 0.065 98.860 0.045 98.920
140  0.000 0.067 98.860 0.045 98.920
141  0.000 0.066 98.860 0.045 98.920
142  0.000 0.066 98.880 0.045 98.920
143  0.000 0.066 98.890 0.045 98.920
144  0.000 0.066 98.860 0.045 98.920
145  0.000 0.067 98.880 0.045 98.920
146  0.000 0.066 98.870 0.045 98.920
147  0.000 0.067 98.870 0.045 98.920
148  0.000 0.067 98.860 0.045 98.920
149  0.000 0.067 98.880 0.045 98.920
150  0.000 0.066 98.860 0.045 98.920
151  0.000 0.067 98.870 0.045 98.920
152  0.000 0.067 98.870 0.045 98.920
153  0.000 0.068 98.870 0.045 98.920
154  0.000 0.067 98.880 0.045 98.920
155  0.000 0.067 98.870 0.045 98.920
156  0.000 0.067 98.870 0.045 98.920
157  0.000 0.067 98.900 0.045 98.920
158  0.000 0.068 98.870 0.045 98.920
159  0.000 0.067 98.850 0.045 98.920
160  0.000 0.068 98.870 0.045 98.920
161  0.000 0.068 98.870 0.045 98.920
162  0.000 0.068 98.870 0.045 98.920
163  0.000 0.068 98.850 0.045 98.920
164  0.000 0.068 98.870 0.045 98.920
165  0.000 0.068 98.870 0.045 98.920
166  0.000 0.069 98.850 0.045 98.920
167  0.000 0.068 98.890 0.045 98.920
168  0.000 0.068 98.880 0.045 98.920
169  0.000 0.069 98.850 0.045 98.920
170  0.000 0.069 98.890 0.045 98.920
171  0.000 0.070 98.870 0.045 98.920
172  0.000 0.068 98.880 0.045 98.920
173  0.000 0.069 98.870 0.045 98.920
174  0.000 0.069 98.880 0.045 98.920
175  0.000 0.069 98.870 0.045 98.920
176  0.000 0.069 98.870 0.045 98.920
177  0.000 0.069 98.850 0.045 98.920
178  0.000 0.070 98.870 0.045 98.920
179  0.000 0.069 98.860 0.045 98.920
180  0.000 0.070 98.880 0.045 98.920
181  0.000 0.069 98.860 0.045 98.920
182  0.000 0.070 98.870 0.045 98.920
183  0.000 0.070 98.890 0.045 98.920
184  0.000 0.070 98.850 0.045 98.920
185  0.000 0.070 98.870 0.045 98.920
186  0.000 0.070 98.880 0.045 98.920
187  0.000 0.070 98.850 0.045 98.920
188  0.000 0.070 98.880 0.045 98.920
189  0.000 0.070 98.880 0.045 98.920
190  0.000 0.071 98.870 0.045 98.920
191  0.000 0.070 98.880 0.045 98.920
192  0.000 0.070 98.890 0.045 98.920
193  0.000 0.070 98.880 0.045 98.920
194  0.000 0.070 98.860 0.045 98.920
195  0.000 0.070 98.860 0.045 98.920
196  0.000 0.071 98.860 0.045 98.920
197  0.000 0.071 98.870 0.045 98.920
198  0.000 0.071 98.870 0.045 98.920
199  0.000 0.071 98.850 0.045 98.920
