0  0.058 0.057 98.460 0.043 98.620
1  0.021 0.052 98.670 0.039 98.790
2  0.017 0.051 98.800 0.038 98.690
3  0.015 0.053 98.700 0.038 98.690
4  0.013 0.050 98.840 0.037 98.780
5  0.012 0.050 98.770 0.037 98.780
6  0.011 0.052 98.660 0.037 98.780
7  0.010 0.051 98.760 0.037 98.780
8  0.009 0.051 98.770 0.037 98.780
9  0.009 0.050 98.790 0.037 98.780
10  0.008 0.050 98.870 0.037 98.810
11  0.008 0.052 98.790 0.037 98.810
12  0.007 0.054 98.740 0.037 98.810
13  0.007 0.051 98.800 0.037 98.810
14  0.007 0.053 98.780 0.037 98.810
15  0.006 0.053 98.810 0.037 98.810
16  0.006 0.053 98.810 0.037 98.810
17  0.006 0.052 98.810 0.037 98.810
18  0.005 0.052 98.810 0.037 98.810
19  0.005 0.053 98.830 0.037 98.810
20  0.005 0.053 98.850 0.037 98.810
21  0.005 0.054 98.840 0.037 98.810
22  0.005 0.054 98.830 0.037 98.810
23  0.004 0.056 98.740 0.037 98.810
24  0.004 0.054 98.840 0.037 98.810
25  0.004 0.056 98.800 0.037 98.810
26  0.004 0.056 98.790 0.037 98.810
27  0.004 0.057 98.770 0.037 98.810
28  0.004 0.057 98.810 0.037 98.810
29  0.003 0.056 98.850 0.037 98.810
30  0.003 0.055 98.820 0.037 98.810
31  0.003 0.059 98.790 0.037 98.810
32  0.003 0.057 98.860 0.037 98.810
33  0.003 0.058 98.760 0.037 98.810
34  0.003 0.056 98.830 0.037 98.810
35  0.003 0.057 98.790 0.037 98.810
36  0.003 0.059 98.830 0.037 98.810
37  0.003 0.058 98.830 0.037 98.810
38  0.003 0.058 98.850 0.037 98.810
39  0.003 0.059 98.830 0.037 98.810
40  0.002 0.059 98.850 0.037 98.810
41  0.002 0.059 98.830 0.037 98.810
42  0.002 0.059 98.800 0.037 98.810
43  0.002 0.058 98.850 0.037 98.810
44  0.002 0.059 98.830 0.037 98.810
45  0.002 0.060 98.800 0.037 98.810
46  0.002 0.059 98.840 0.037 98.810
47  0.002 0.060 98.860 0.037 98.810
48  0.002 0.061 98.860 0.037 98.810
49  0.002 0.060 98.820 0.037 98.810
50  0.002 0.060 98.790 0.037 98.810
51  0.002 0.062 98.770 0.037 98.810
52  0.002 0.061 98.790 0.037 98.810
53  0.002 0.061 98.840 0.037 98.810
54  0.002 0.063 98.840 0.037 98.810
55  0.002 0.063 98.800 0.037 98.810
56  0.002 0.062 98.820 0.037 98.810
57  0.002 0.062 98.800 0.037 98.810
58  0.002 0.063 98.830 0.037 98.810
59  0.002 0.063 98.850 0.037 98.810
60  0.001 0.064 98.830 0.037 98.810
61  0.001 0.063 98.800 0.037 98.810
62  0.001 0.063 98.800 0.037 98.810
63  0.001 0.063 98.800 0.037 98.810
64  0.001 0.064 98.830 0.037 98.810
65  0.001 0.064 98.800 0.037 98.810
66  0.001 0.063 98.810 0.037 98.810
67  0.001 0.064 98.810 0.037 98.810
68  0.001 0.064 98.810 0.037 98.810
69  0.001 0.065 98.810 0.037 98.810
70  0.001 0.065 98.810 0.037 98.810
71  0.001 0.064 98.830 0.037 98.810
72  0.001 0.065 98.800 0.037 98.810
73  0.001 0.065 98.840 0.037 98.810
74  0.001 0.065 98.800 0.037 98.810
75  0.001 0.067 98.860 0.037 98.810
76  0.001 0.066 98.800 0.037 98.810
77  0.001 0.067 98.840 0.037 98.810
78  0.001 0.066 98.790 0.037 98.810
79  0.001 0.067 98.800 0.037 98.810
80  0.001 0.067 98.800 0.037 98.810
81  0.001 0.067 98.800 0.037 98.810
82  0.001 0.067 98.850 0.037 98.810
83  0.001 0.067 98.830 0.037 98.810
84  0.001 0.068 98.810 0.037 98.810
85  0.001 0.067 98.840 0.037 98.810
86  0.001 0.067 98.830 0.037 98.810
87  0.001 0.068 98.840 0.037 98.810
88  0.001 0.068 98.790 0.037 98.810
89  0.001 0.068 98.810 0.037 98.810
90  0.001 0.069 98.830 0.037 98.810
91  0.001 0.067 98.820 0.037 98.810
92  0.001 0.069 98.820 0.037 98.810
93  0.001 0.068 98.790 0.037 98.810
94  0.001 0.068 98.830 0.037 98.810
95  0.001 0.069 98.820 0.037 98.810
96  0.001 0.069 98.790 0.037 98.810
97  0.001 0.069 98.800 0.037 98.810
98  0.001 0.069 98.780 0.037 98.810
99  0.001 0.069 98.820 0.037 98.810
100  0.001 0.070 98.800 0.037 98.810
101  0.001 0.070 98.810 0.037 98.810
102  0.001 0.070 98.750 0.037 98.810
103  0.001 0.070 98.830 0.037 98.810
104  0.001 0.070 98.760 0.037 98.810
105  0.001 0.070 98.810 0.037 98.810
106  0.001 0.070 98.810 0.037 98.810
107  0.001 0.070 98.790 0.037 98.810
108  0.001 0.070 98.770 0.037 98.810
109  0.001 0.071 98.790 0.037 98.810
110  0.001 0.071 98.790 0.037 98.810
111  0.001 0.071 98.800 0.037 98.810
112  0.001 0.071 98.790 0.037 98.810
113  0.001 0.071 98.820 0.037 98.810
114  0.001 0.071 98.780 0.037 98.810
115  0.001 0.072 98.820 0.037 98.810
116  0.001 0.072 98.800 0.037 98.810
117  0.001 0.072 98.800 0.037 98.810
118  0.001 0.072 98.790 0.037 98.810
119  0.001 0.072 98.820 0.037 98.810
120  0.001 0.072 98.780 0.037 98.810
121  0.001 0.072 98.800 0.037 98.810
122  0.001 0.072 98.800 0.037 98.810
123  0.001 0.073 98.810 0.037 98.810
124  0.001 0.073 98.790 0.037 98.810
125  0.001 0.073 98.800 0.037 98.810
126  0.001 0.073 98.810 0.037 98.810
127  0.001 0.073 98.810 0.037 98.810
128  0.001 0.073 98.800 0.037 98.810
129  0.001 0.073 98.800 0.037 98.810
130  0.001 0.073 98.790 0.037 98.810
131  0.001 0.074 98.810 0.037 98.810
132  0.000 0.074 98.810 0.037 98.810
133  0.000 0.074 98.820 0.037 98.810
134  0.000 0.073 98.780 0.037 98.810
135  0.000 0.074 98.800 0.037 98.810
136  0.000 0.073 98.780 0.037 98.810
137  0.000 0.074 98.760 0.037 98.810
138  0.000 0.074 98.800 0.037 98.810
139  0.000 0.074 98.800 0.037 98.810
140  0.000 0.074 98.810 0.037 98.810
141  0.000 0.075 98.800 0.037 98.810
142  0.000 0.074 98.790 0.037 98.810
143  0.000 0.075 98.830 0.037 98.810
144  0.000 0.074 98.800 0.037 98.810
145  0.000 0.075 98.760 0.037 98.810
146  0.000 0.075 98.800 0.037 98.810
147  0.000 0.075 98.810 0.037 98.810
148  0.000 0.076 98.780 0.037 98.810
149  0.000 0.075 98.790 0.037 98.810
150  0.000 0.075 98.800 0.037 98.810
151  0.000 0.076 98.780 0.037 98.810
152  0.000 0.075 98.790 0.037 98.810
153  0.000 0.076 98.790 0.037 98.810
154  0.000 0.076 98.790 0.037 98.810
155  0.000 0.076 98.790 0.037 98.810
156  0.000 0.075 98.810 0.037 98.810
157  0.000 0.075 98.800 0.037 98.810
158  0.000 0.076 98.800 0.037 98.810
159  0.000 0.076 98.790 0.037 98.810
160  0.000 0.076 98.750 0.037 98.810
161  0.000 0.077 98.790 0.037 98.810
162  0.000 0.076 98.830 0.037 98.810
163  0.000 0.076 98.810 0.037 98.810
164  0.000 0.076 98.820 0.037 98.810
165  0.000 0.076 98.810 0.037 98.810
166  0.000 0.077 98.800 0.037 98.810
167  0.000 0.076 98.810 0.037 98.810
168  0.000 0.077 98.780 0.037 98.810
169  0.000 0.077 98.770 0.037 98.810
170  0.000 0.077 98.790 0.037 98.810
171  0.000 0.078 98.770 0.037 98.810
172  0.000 0.077 98.780 0.037 98.810
173  0.000 0.077 98.800 0.037 98.810
174  0.000 0.077 98.820 0.037 98.810
175  0.000 0.077 98.810 0.037 98.810
176  0.000 0.077 98.800 0.037 98.810
177  0.000 0.077 98.800 0.037 98.810
178  0.000 0.078 98.800 0.037 98.810
179  0.000 0.078 98.760 0.037 98.810
180  0.000 0.078 98.790 0.037 98.810
181  0.000 0.077 98.810 0.037 98.810
182  0.000 0.078 98.800 0.037 98.810
183  0.000 0.079 98.770 0.037 98.810
184  0.000 0.079 98.770 0.037 98.810
185  0.000 0.078 98.810 0.037 98.810
186  0.000 0.078 98.790 0.037 98.810
187  0.000 0.079 98.780 0.037 98.810
188  0.000 0.079 98.770 0.037 98.810
189  0.000 0.079 98.780 0.037 98.810
190  0.000 0.079 98.790 0.037 98.810
191  0.000 0.079 98.780 0.037 98.810
192  0.000 0.079 98.800 0.037 98.810
193  0.000 0.079 98.810 0.037 98.810
194  0.000 0.079 98.780 0.037 98.810
195  0.000 0.079 98.810 0.037 98.810
196  0.000 0.079 98.790 0.037 98.810
197  0.000 0.079 98.770 0.037 98.810
198  0.000 0.079 98.780 0.037 98.810
199  0.000 0.079 98.780 0.037 98.810
