0  1.957 1.571 48.000 1.571 47.070
1  1.487 1.304 54.840 1.309 54.690
2  1.280 1.130 61.300 1.143 60.030
3  1.145 1.008 65.920 1.028 64.220
4  1.057 0.953 67.680 0.975 65.980
5  0.988 0.910 69.120 0.936 67.420
6  0.930 0.856 70.920 0.878 69.500
7  0.885 0.819 72.280 0.841 70.720
8  0.844 0.783 73.860 0.807 72.320
9  0.809 0.755 75.080 0.782 73.060
10  0.774 0.742 74.820 0.782 73.060
11  0.741 0.703 76.120 0.727 75.100
12  0.717 0.698 76.540 0.721 75.480
13  0.694 0.689 76.700 0.711 75.510
14  0.667 0.668 77.640 0.688 76.250
15  0.643 0.646 78.260 0.670 76.750
16  0.625 0.648 78.220 0.670 76.750
17  0.609 0.647 78.100 0.670 76.750
18  0.587 0.631 78.700 0.653 77.390
19  0.575 0.641 78.600 0.653 77.390
20  0.556 0.610 79.360 0.637 78.220
21  0.545 0.624 79.520 0.652 78.120
22  0.526 0.625 79.340 0.652 78.120
23  0.518 0.594 80.360 0.616 79.210
24  0.506 0.589 80.540 0.610 79.140
25  0.491 0.583 80.820 0.607 79.740
26  0.476 0.597 80.500 0.607 79.740
27  0.469 0.585 80.540 0.607 79.740
28  0.452 0.592 80.380 0.607 79.740
29  0.450 0.584 80.880 0.608 79.540
30  0.435 0.590 80.740 0.608 79.540
31  0.426 0.600 80.760 0.608 79.540
32  0.424 0.601 81.140 0.622 80.060
33  0.409 0.586 81.280 0.607 80.230
34  0.408 0.603 80.660 0.607 80.230
35  0.402 0.587 81.420 0.612 80.210
36  0.390 0.566 81.800 0.592 80.680
37  0.385 0.596 81.180 0.592 80.680
38  0.381 0.592 81.400 0.592 80.680
39  0.376 0.623 81.060 0.592 80.680
40  0.373 0.602 81.280 0.592 80.680
41  0.361 0.593 81.560 0.592 80.680
42  0.358 0.599 81.680 0.592 80.680
43  0.360 0.612 80.720 0.592 80.680
44  0.357 0.570 82.160 0.592 81.170
45  0.348 0.579 81.500 0.592 81.170
46  0.349 0.593 81.560 0.592 81.170
47  0.344 0.593 81.820 0.592 81.170
48  0.341 0.580 81.620 0.592 81.170
49  0.341 0.591 81.800 0.592 81.170
50  0.339 0.577 81.720 0.592 81.170
51  0.333 0.611 81.500 0.592 81.170
52  0.330 0.587 82.120 0.592 81.170
53  0.332 0.572 81.740 0.592 81.170
54  0.328 0.625 81.600 0.592 81.170
55  0.333 0.602 81.900 0.592 81.170
56  0.331 0.603 80.920 0.592 81.170
57  0.325 0.588 82.120 0.592 81.170
58  0.325 0.578 81.780 0.592 81.170
59  0.323 0.564 81.860 0.592 81.170
60  0.325 0.642 81.480 0.592 81.170
61  0.326 0.591 81.800 0.592 81.170
62  0.327 0.619 81.760 0.592 81.170
63  0.319 0.621 81.680 0.592 81.170
64  0.318 0.589 81.900 0.592 81.170
65  0.321 0.595 82.020 0.592 81.170
66  0.321 0.575 82.020 0.592 81.170
67  0.319 0.630 81.780 0.592 81.170
68  0.319 0.606 82.140 0.592 81.170
69  0.319 0.566 82.240 0.570 81.980
70  0.314 0.617 82.120 0.570 81.980
71  0.318 0.634 81.760 0.570 81.980
72  0.313 0.600 82.160 0.570 81.980
73  0.311 0.570 81.820 0.570 81.980
74  0.314 0.583 82.380 0.594 81.800
75  0.312 0.618 81.460 0.594 81.800
76  0.307 0.580 82.620 0.595 81.510
77  0.309 0.624 81.920 0.595 81.510
78  0.310 0.612 81.800 0.595 81.510
79  0.307 0.622 81.880 0.595 81.510
80  0.297 0.597 82.120 0.595 81.510
81  0.306 0.650 81.680 0.595 81.510
82  0.306 0.633 82.160 0.595 81.510
83  0.304 0.617 81.780 0.595 81.510
84  0.302 0.618 82.220 0.595 81.510
85  0.297 0.593 82.480 0.595 81.510
86  0.307 0.588 82.160 0.595 81.510
87  0.295 0.607 82.720 0.612 81.840
88  0.301 0.623 82.260 0.612 81.840
89  0.294 0.641 81.980 0.612 81.840
90  0.301 0.635 81.700 0.612 81.840
91  0.297 0.605 82.100 0.612 81.840
92  0.301 0.598 82.240 0.612 81.840
93  0.297 0.647 81.500 0.612 81.840
94  0.289 0.583 82.360 0.612 81.840
95  0.290 0.631 82.240 0.612 81.840
96  0.290 0.600 82.160 0.612 81.840
97  0.289 0.623 82.340 0.612 81.840
98  0.286 0.604 82.340 0.612 81.840
99  0.282 0.624 81.900 0.612 81.840
0  1.901 1.512 46.860 1.521 47.410
1  1.485 1.315 53.680 1.328 53.520
2  1.304 1.149 60.020 1.168 59.080
3  1.162 1.029 64.400 1.057 63.070
4  1.062 0.959 66.780 0.987 65.760
5  0.992 0.917 68.880 0.941 67.720
6  0.933 0.844 71.160 0.874 69.370
7  0.883 0.828 71.520 0.857 70.150
8  0.847 0.778 73.420 0.803 72.160
9  0.805 0.790 72.860 0.803 72.160
10  0.770 0.737 75.080 0.756 73.690
11  0.742 0.718 75.820 0.737 74.490
12  0.715 0.706 76.100 0.723 75.100
13  0.688 0.709 75.980 0.723 75.100
14  0.669 0.687 76.520 0.710 75.380
15  0.643 0.679 77.040 0.693 76.160
16  0.617 0.651 78.120 0.668 76.910
17  0.604 0.649 78.440 0.667 77.290
18  0.585 0.645 78.300 0.667 77.290
19  0.567 0.631 79.140 0.648 78.210
20  0.554 0.636 79.140 0.656 77.530
21  0.536 0.612 79.160 0.628 78.750
22  0.522 0.636 78.780 0.628 78.750
23  0.513 0.601 79.800 0.614 79.070
24  0.498 0.626 79.160 0.614 79.070
25  0.482 0.628 79.380 0.614 79.070
26  0.474 0.604 79.960 0.618 79.470
27  0.464 0.599 79.800 0.618 79.470
28  0.453 0.604 80.120 0.620 79.230
29  0.445 0.591 80.640 0.605 79.520
30  0.439 0.603 80.100 0.605 79.520
31  0.428 0.594 80.520 0.605 79.520
32  0.421 0.585 80.760 0.605 79.850
33  0.409 0.585 81.580 0.609 80.140
34  0.403 0.634 80.160 0.609 80.140
35  0.398 0.570 81.280 0.609 80.140
36  0.397 0.609 80.460 0.609 80.140
37  0.387 0.583 81.500 0.609 80.140
38  0.377 0.607 80.900 0.609 80.140
39  0.381 0.579 81.360 0.609 80.140
40  0.373 0.597 81.340 0.609 80.140
41  0.368 0.586 81.660 0.608 80.830
42  0.356 0.564 81.620 0.608 80.830
43  0.359 0.597 81.280 0.608 80.830
44  0.351 0.582 81.440 0.608 80.830
45  0.352 0.592 81.860 0.619 80.900
46  0.344 0.591 81.640 0.619 80.900
47  0.344 0.577 81.700 0.619 80.900
48  0.348 0.591 81.480 0.619 80.900
49  0.338 0.578 81.940 0.601 80.630
50  0.335 0.583 81.640 0.601 80.630
51  0.332 0.586 82.120 0.608 81.360
52  0.326 0.611 82.100 0.608 81.360
53  0.328 0.595 82.000 0.608 81.360
54  0.331 0.588 81.680 0.608 81.360
55  0.322 0.565 82.320 0.594 81.610
56  0.325 0.579 82.180 0.594 81.610
57  0.320 0.592 81.740 0.594 81.610
58  0.318 0.595 82.140 0.594 81.610
59  0.315 0.582 82.240 0.594 81.610
60  0.312 0.566 82.220 0.594 81.610
61  0.314 0.579 82.240 0.594 81.610
62  0.311 0.579 82.340 0.608 81.150
63  0.311 0.622 81.640 0.608 81.150
64  0.312 0.578 82.200 0.608 81.150
65  0.310 0.578 82.420 0.613 81.550
66  0.302 0.604 82.080 0.613 81.550
67  0.305 0.599 82.200 0.613 81.550
68  0.306 0.566 82.160 0.613 81.550
69  0.294 0.606 82.660 0.642 81.760
70  0.302 0.587 82.160 0.642 81.760
71  0.302 0.558 82.500 0.642 81.760
72  0.301 0.573 82.600 0.642 81.760
73  0.294 0.599 81.420 0.642 81.760
74  0.297 0.596 81.920 0.642 81.760
75  0.296 0.575 81.600 0.642 81.760
76  0.299 0.588 82.440 0.642 81.760
77  0.300 0.624 81.740 0.642 81.760
78  0.293 0.565 82.000 0.642 81.760
79  0.296 0.683 80.980 0.642 81.760
80  0.299 0.561 81.900 0.642 81.760
81  0.294 0.591 81.700 0.642 81.760
82  0.287 0.707 81.560 0.642 81.760
83  0.291 0.581 81.240 0.642 81.760
84  0.291 0.623 81.920 0.642 81.760
85  0.289 0.638 81.800 0.642 81.760
86  0.283 0.668 81.660 0.642 81.760
87  0.290 0.599 82.140 0.642 81.760
88  0.281 0.578 81.720 0.642 81.760
89  0.282 0.575 82.420 0.642 81.760
90  0.284 0.571 82.180 0.642 81.760
91  0.283 0.628 81.760 0.642 81.760
92  0.280 0.586 81.760 0.642 81.760
93  0.284 0.656 81.760 0.642 81.760
94  0.273 0.642 81.480 0.642 81.760
95  0.278 0.600 80.900 0.642 81.760
96  0.279 0.585 81.920 0.642 81.760
97  0.273 0.577 81.860 0.642 81.760
98  0.278 0.569 82.580 0.642 81.760
99  0.271 0.638 82.680 0.675 81.900
