0  0.622 0.716 77.280 0.732 75.940
1  0.423 0.689 78.220 0.700 76.720
2  0.363 0.671 79.420 0.685 77.800
3  0.318 0.680 78.960 0.685 77.800
4  0.281 0.673 79.560 0.687 78.630
5  0.248 0.683 79.700 0.699 78.820
6  0.219 0.696 79.960 0.719 79.240
7  0.193 0.717 79.900 0.719 79.240
8  0.170 0.721 80.240 0.753 79.110
9  0.149 0.758 80.160 0.753 79.110
10  0.131 0.770 80.600 0.798 79.090
11  0.114 0.775 80.620 0.805 79.360
12  0.098 0.819 80.440 0.805 79.360
13  0.085 0.844 80.600 0.805 79.360
14  0.071 0.854 80.760 0.891 79.560
15  0.060 0.900 80.520 0.891 79.560
16  0.051 0.936 80.460 0.891 79.560
17  0.042 0.971 80.360 0.891 79.560
18  0.035 1.007 80.500 0.891 79.560
19  0.028 1.044 80.500 0.891 79.560
20  0.023 1.095 80.780 1.149 79.500
21  0.018 1.144 80.640 1.149 79.500
22  0.014 1.199 80.700 1.149 79.500
23  0.011 1.223 80.460 1.149 79.500
24  0.009 1.280 80.840 1.344 79.600
25  0.007 1.326 80.460 1.344 79.600
26  0.006 1.392 80.740 1.344 79.600
27  0.005 1.448 80.600 1.344 79.600
28  0.004 1.483 80.500 1.344 79.600
29  0.003 1.536 80.740 1.344 79.600
30  0.002 1.594 80.420 1.344 79.600
31  0.002 1.652 80.320 1.344 79.600
32  0.002 1.725 80.660 1.344 79.600
33  0.001 1.735 80.520 1.344 79.600
34  0.001 1.805 80.520 1.344 79.600
35  0.001 1.888 80.400 1.344 79.600
36  0.001 1.863 80.480 1.344 79.600
37  0.001 1.931 80.240 1.344 79.600
38  0.000 1.979 80.680 1.344 79.600
39  0.000 2.003 80.680 1.344 79.600
40  0.000 2.043 80.720 1.344 79.600
41  0.000 2.086 80.580 1.344 79.600
42  0.000 2.122 80.700 1.344 79.600
43  0.000 2.143 80.660 1.344 79.600
44  0.000 2.173 80.680 1.344 79.600
45  0.000 2.204 80.620 1.344 79.600
46  0.000 2.238 80.620 1.344 79.600
47  0.000 2.248 80.660 1.344 79.600
48  0.000 2.268 80.460 1.344 79.600
49  0.000 2.290 80.660 1.344 79.600
50  0.000 2.312 80.580 1.344 79.600
51  0.000 2.335 80.600 1.344 79.600
52  0.000 2.353 80.680 1.344 79.600
53  0.000 2.360 80.580 1.344 79.600
54  0.000 2.374 80.580 1.344 79.600
55  0.000 2.396 80.580 1.344 79.600
56  0.000 2.406 80.680 1.344 79.600
57  0.000 2.424 80.460 1.344 79.600
58  0.000 2.440 80.620 1.344 79.600
59  0.000 2.452 80.600 1.344 79.600
60  0.000 2.473 80.580 1.344 79.600
61  0.000 2.477 80.640 1.344 79.600
62  0.000 2.482 80.620 1.344 79.600
63  0.000 2.495 80.560 1.344 79.600
64  0.000 2.502 80.660 1.344 79.600
65  0.000 2.521 80.560 1.344 79.600
66  0.000 2.527 80.440 1.344 79.600
67  0.000 2.526 80.480 1.344 79.600
68  0.000 2.546 80.540 1.344 79.600
69  0.000 2.558 80.620 1.344 79.600
70  0.000 2.562 80.560 1.344 79.600
71  0.000 2.567 80.460 1.344 79.600
72  0.000 2.578 80.420 1.344 79.600
73  0.000 2.594 80.540 1.344 79.600
74  0.000 2.590 80.480 1.344 79.600
75  0.000 2.600 80.540 1.344 79.600
76  0.000 2.605 80.480 1.344 79.600
77  0.000 2.616 80.520 1.344 79.600
78  0.000 2.626 80.600 1.344 79.600
79  0.000 2.632 80.460 1.344 79.600
80  0.000 2.634 80.520 1.344 79.600
81  0.000 2.639 80.460 1.344 79.600
82  0.000 2.651 80.460 1.344 79.600
83  0.000 2.656 80.460 1.344 79.600
84  0.000 2.663 80.460 1.344 79.600
85  0.000 2.670 80.560 1.344 79.600
86  0.000 2.673 80.420 1.344 79.600
87  0.000 2.683 80.500 1.344 79.600
88  0.000 2.683 80.460 1.344 79.600
89  0.000 2.693 80.460 1.344 79.600
90  0.000 2.704 80.520 1.344 79.600
91  0.000 2.702 80.520 1.344 79.600
92  0.000 2.707 80.420 1.344 79.600
93  0.000 2.713 80.560 1.344 79.600
94  0.000 2.719 80.500 1.344 79.600
95  0.000 2.724 80.440 1.344 79.600
96  0.000 2.729 80.460 1.344 79.600
97  0.000 2.735 80.540 1.344 79.600
98  0.000 2.740 80.540 1.344 79.600
99  0.000 2.742 80.460 1.344 79.600
0  0.693 0.747 75.600 0.782 74.840
1  0.471 0.691 77.040 0.727 76.030
2  0.403 0.674 78.080 0.709 76.610
3  0.354 0.674 78.060 0.709 76.610
4  0.314 0.661 78.720 0.703 77.610
5  0.280 0.681 79.420 0.720 78.080
6  0.249 0.689 79.040 0.720 78.080
7  0.223 0.690 79.520 0.730 78.680
8  0.200 0.705 79.320 0.730 78.680
9  0.177 0.732 79.680 0.776 78.770
10  0.157 0.758 79.640 0.776 78.770
11  0.140 0.760 79.960 0.805 78.890
12  0.122 0.789 79.740 0.805 78.890
13  0.107 0.811 80.020 0.863 78.750
14  0.092 0.837 79.540 0.863 78.750
15  0.079 0.886 79.760 0.863 78.750
16  0.068 0.904 79.780 0.863 78.750
17  0.057 0.916 79.600 0.863 78.750
18  0.048 1.017 79.840 0.863 78.750
19  0.039 1.013 79.640 0.863 78.750
20  0.033 1.049 79.620 0.863 78.750
21  0.026 1.080 79.840 0.863 78.750
22  0.021 1.143 79.660 0.863 78.750
23  0.016 1.215 79.900 0.863 78.750
24  0.013 1.264 79.820 0.863 78.750
25  0.010 1.303 79.820 0.863 78.750
26  0.008 1.361 79.640 0.863 78.750
27  0.006 1.446 79.920 0.863 78.750
28  0.005 1.482 79.500 0.863 78.750
29  0.004 1.540 79.760 0.863 78.750
30  0.003 1.598 79.560 0.863 78.750
31  0.002 1.656 79.580 0.863 78.750
32  0.002 1.723 79.480 0.863 78.750
33  0.002 1.768 79.740 0.863 78.750
34  0.001 1.819 79.700 0.863 78.750
35  0.001 1.867 79.780 0.863 78.750
36  0.001 1.870 79.500 0.863 78.750
37  0.001 1.984 79.760 0.863 78.750
38  0.001 2.018 79.800 0.863 78.750
39  0.001 2.064 79.520 0.863 78.750
40  0.000 2.125 79.720 0.863 78.750
41  0.000 2.146 79.580 0.863 78.750
42  0.000 2.182 79.840 0.863 78.750
43  0.000 2.215 79.620 0.863 78.750
44  0.000 2.249 79.920 0.863 78.750
45  0.000 2.269 79.600 0.863 78.750
46  0.000 2.300 79.720 0.863 78.750
47  0.000 2.334 79.700 0.863 78.750
48  0.000 2.357 79.700 0.863 78.750
49  0.000 2.379 79.600 0.863 78.750
50  0.000 2.401 79.800 0.863 78.750
51  0.000 2.424 79.820 0.863 78.750
52  0.000 2.445 79.640 0.863 78.750
53  0.000 2.453 79.700 0.863 78.750
54  0.000 2.476 79.540 0.863 78.750
55  0.000 2.492 79.640 0.863 78.750
56  0.000 2.501 79.600 0.863 78.750
57  0.000 2.521 79.580 0.863 78.750
58  0.000 2.534 79.720 0.863 78.750
59  0.000 2.556 79.600 0.863 78.750
60  0.000 2.573 79.620 0.863 78.750
61  0.000 2.583 79.720 0.863 78.750
62  0.000 2.588 79.580 0.863 78.750
63  0.000 2.602 79.520 0.863 78.750
64  0.000 2.611 79.620 0.863 78.750
65  0.000 2.625 79.520 0.863 78.750
66  0.000 2.633 79.500 0.863 78.750
67  0.000 2.639 79.760 0.863 78.750
68  0.000 2.654 79.660 0.863 78.750
69  0.000 2.668 79.760 0.863 78.750
70  0.000 2.677 79.580 0.863 78.750
71  0.000 2.681 79.740 0.863 78.750
72  0.000 2.695 79.680 0.863 78.750
73  0.000 2.700 79.720 0.863 78.750
74  0.000 2.714 79.700 0.863 78.750
75  0.000 2.717 79.720 0.863 78.750
76  0.000 2.727 79.600 0.863 78.750
77  0.000 2.736 79.700 0.863 78.750
78  0.000 2.743 79.540 0.863 78.750
79  0.000 2.753 79.640 0.863 78.750
80  0.000 2.753 79.560 0.863 78.750
81  0.000 2.768 79.660 0.863 78.750
82  0.000 2.769 79.600 0.863 78.750
83  0.000 2.780 79.580 0.863 78.750
84  0.000 2.789 79.600 0.863 78.750
85  0.000 2.792 79.540 0.863 78.750
86  0.000 2.799 79.540 0.863 78.750
87  0.000 2.807 79.600 0.863 78.750
88  0.000 2.811 79.600 0.863 78.750
89  0.000 2.813 79.640 0.863 78.750
90  0.000 2.820 79.580 0.863 78.750
91  0.000 2.828 79.600 0.863 78.750
92  0.000 2.837 79.600 0.863 78.750
93  0.000 2.836 79.520 0.863 78.750
94  0.000 2.848 79.620 0.863 78.750
95  0.000 2.858 79.640 0.863 78.750
96  0.000 2.859 79.680 0.863 78.750
97  0.000 2.868 79.620 0.863 78.750
98  0.000 2.874 79.580 0.863 78.750
99  0.000 2.873 79.700 0.863 78.750
