0  0.516 91.472 0.183 96.240 0.188 95.820
1  0.149 96.922 0.138 96.800 0.142 96.420
2  0.115 97.396 0.119 97.060 0.122 96.720
3  0.097 97.732 0.109 97.300 0.112 97.070
4  0.085 97.962 0.102 97.410 0.104 97.250
5  0.077 98.114 0.097 97.530 0.098 97.340
6  0.071 98.298 0.093 97.600 0.094 97.390
7  0.066 98.432 0.090 97.650 0.091 97.460
8  0.062 98.514 0.088 97.640 0.091 97.460
9  0.058 98.608 0.086 97.670 0.085 97.590
10  0.055 98.716 0.085 97.760 0.084 97.590
11  0.052 98.770 0.082 97.720 0.084 97.590
12  0.050 98.866 0.082 97.770 0.081 97.610
13  0.048 98.900 0.081 97.780 0.079 97.600
14  0.046 98.952 0.079 97.800 0.078 97.680
15  0.044 99.010 0.079 97.800 0.077 97.660
16  0.043 99.040 0.078 97.870 0.077 97.710
17  0.041 99.066 0.077 97.850 0.077 97.710
18  0.040 99.102 0.076 97.900 0.075 97.750
19  0.039 99.146 0.076 97.850 0.075 97.750
20  0.038 99.170 0.076 97.900 0.075 97.750
21  0.036 99.170 0.075 97.870 0.075 97.750
22  0.036 99.180 0.075 97.870 0.075 97.750
23  0.035 99.224 0.074 97.840 0.075 97.750
24  0.034 99.236 0.074 97.940 0.072 97.790
25  0.033 99.274 0.074 97.880 0.072 97.790
26  0.032 99.304 0.073 97.890 0.072 97.790
27  0.031 99.320 0.073 97.940 0.072 97.790
28  0.031 99.308 0.073 97.950 0.071 97.840
29  0.030 99.358 0.073 97.940 0.071 97.840
30  0.029 99.378 0.073 97.910 0.071 97.840
31  0.029 99.388 0.072 97.950 0.071 97.840
32  0.028 99.418 0.072 97.970 0.070 97.830
33  0.027 99.404 0.072 97.980 0.070 97.860
34  0.027 99.438 0.072 98.030 0.070 97.860
35  0.026 99.456 0.072 97.960 0.070 97.860
36  0.026 99.448 0.072 98.020 0.070 97.860
37  0.025 99.468 0.072 97.950 0.070 97.860
38  0.025 99.484 0.072 97.980 0.070 97.860
39  0.024 99.516 0.071 98.040 0.069 97.920
40  0.024 99.520 0.071 98.070 0.069 97.940
41  0.024 99.558 0.071 97.980 0.069 97.940
42  0.023 99.546 0.071 98.050 0.069 97.940
43  0.023 99.560 0.071 98.050 0.069 97.940
44  0.022 99.564 0.071 98.040 0.069 97.940
45  0.022 99.576 0.071 98.090 0.069 97.890
46  0.022 99.590 0.071 98.060 0.069 97.890
47  0.021 99.604 0.071 98.100 0.068 97.920
48  0.021 99.618 0.071 98.020 0.068 97.920
49  0.021 99.632 0.071 98.070 0.068 97.920
50  0.020 99.644 0.071 98.070 0.068 97.920
51  0.020 99.644 0.071 98.100 0.068 97.920
52  0.020 99.664 0.071 98.080 0.068 97.920
53  0.019 99.680 0.071 98.110 0.068 97.950
54  0.019 99.664 0.070 98.110 0.068 97.950
55  0.019 99.680 0.070 98.110 0.068 97.950
56  0.019 99.688 0.070 98.130 0.068 97.930
57  0.018 99.708 0.070 98.060 0.068 97.930
58  0.018 99.708 0.070 98.130 0.068 97.930
59  0.018 99.706 0.071 98.110 0.068 97.930
60  0.018 99.724 0.071 98.110 0.068 97.930
61  0.017 99.742 0.070 98.080 0.068 97.930
62  0.017 99.748 0.071 98.160 0.068 97.920
63  0.017 99.760 0.070 98.150 0.068 97.920
64  0.017 99.760 0.071 98.130 0.068 97.920
65  0.016 99.772 0.071 98.130 0.068 97.920
66  0.016 99.770 0.071 98.170 0.068 97.940
67  0.016 99.772 0.071 98.180 0.068 97.920
68  0.016 99.784 0.071 98.150 0.068 97.920
69  0.016 99.784 0.071 98.140 0.068 97.920
70  0.015 99.796 0.071 98.140 0.068 97.920
71  0.015 99.808 0.071 98.130 0.068 97.920
72  0.015 99.814 0.071 98.180 0.068 97.920
73  0.015 99.822 0.070 98.170 0.068 97.920
74  0.015 99.806 0.071 98.170 0.068 97.920
75  0.014 99.834 0.071 98.140 0.068 97.920
76  0.014 99.824 0.071 98.190 0.068 97.950
77  0.014 99.840 0.070 98.150 0.068 97.950
78  0.014 99.820 0.071 98.160 0.068 97.950
79  0.014 99.832 0.071 98.190 0.068 97.950
80  0.014 99.832 0.071 98.150 0.068 97.950
81  0.013 99.846 0.071 98.170 0.068 97.950
82  0.013 99.846 0.071 98.170 0.068 97.950
83  0.013 99.854 0.071 98.180 0.068 97.950
84  0.013 99.850 0.071 98.180 0.068 97.950
85  0.013 99.864 0.071 98.180 0.068 97.950
86  0.013 99.856 0.071 98.160 0.068 97.950
87  0.013 99.860 0.071 98.180 0.068 97.950
88  0.012 99.864 0.071 98.210 0.068 97.940
89  0.012 99.874 0.071 98.220 0.068 97.910
90  0.012 99.870 0.071 98.160 0.068 97.910
91  0.012 99.866 0.071 98.170 0.068 97.910
92  0.012 99.876 0.071 98.180 0.068 97.910
93  0.012 99.888 0.072 98.120 0.068 97.910
94  0.012 99.888 0.071 98.200 0.068 97.910
95  0.011 99.890 0.072 98.170 0.068 97.910
96  0.011 99.892 0.071 98.160 0.068 97.910
97  0.011 99.892 0.072 98.200 0.068 97.910
98  0.011 99.892 0.071 98.200 0.068 97.910
99  0.011 99.900 0.072 98.170 0.068 97.910
100  0.011 99.904 0.071 98.180 0.068 97.910
101  0.011 99.896 0.072 98.170 0.068 97.910
102  0.011 99.898 0.072 98.190 0.068 97.910
103  0.011 99.904 0.072 98.180 0.068 97.910
104  0.010 99.900 0.072 98.180 0.068 97.910
105  0.010 99.902 0.072 98.190 0.068 97.910
106  0.010 99.912 0.072 98.200 0.068 97.910
107  0.010 99.914 0.072 98.180 0.068 97.910
108  0.010 99.914 0.073 98.140 0.068 97.910
109  0.010 99.914 0.072 98.180 0.068 97.910
110  0.010 99.918 0.072 98.200 0.068 97.910
111  0.010 99.914 0.073 98.140 0.068 97.910
112  0.010 99.918 0.072 98.190 0.068 97.910
113  0.010 99.926 0.072 98.170 0.068 97.910
114  0.009 99.926 0.072 98.230 0.068 97.940
115  0.009 99.922 0.073 98.190 0.068 97.940
116  0.009 99.928 0.073 98.180 0.068 97.940
117  0.009 99.932 0.072 98.190 0.068 97.940
118  0.009 99.934 0.073 98.210 0.068 97.940
119  0.009 99.936 0.072 98.200 0.068 97.940
120  0.009 99.934 0.073 98.180 0.068 97.940
121  0.009 99.936 0.073 98.180 0.068 97.940
122  0.009 99.940 0.073 98.180 0.068 97.940
123  0.009 99.936 0.073 98.200 0.068 97.940
124  0.009 99.942 0.073 98.210 0.068 97.940
125  0.009 99.946 0.073 98.180 0.068 97.940
126  0.008 99.946 0.073 98.190 0.068 97.940
127  0.008 99.946 0.073 98.190 0.068 97.940
128  0.008 99.944 0.073 98.190 0.068 97.940
129  0.008 99.948 0.073 98.190 0.068 97.940
130  0.008 99.948 0.073 98.210 0.068 97.940
131  0.008 99.956 0.073 98.220 0.068 97.940
132  0.008 99.954 0.073 98.200 0.068 97.940
133  0.008 99.954 0.073 98.210 0.068 97.940
134  0.008 99.956 0.073 98.210 0.068 97.940
135  0.008 99.954 0.073 98.210 0.068 97.940
136  0.008 99.952 0.073 98.180 0.068 97.940
137  0.008 99.954 0.074 98.180 0.068 97.940
138  0.008 99.956 0.073 98.200 0.068 97.940
139  0.008 99.956 0.073 98.190 0.068 97.940
140  0.007 99.958 0.073 98.180 0.068 97.940
141  0.007 99.952 0.073 98.200 0.068 97.940
142  0.007 99.958 0.074 98.200 0.068 97.940
143  0.007 99.956 0.074 98.190 0.068 97.940
144  0.007 99.958 0.074 98.170 0.068 97.940
145  0.007 99.958 0.074 98.210 0.068 97.940
146  0.007 99.958 0.074 98.200 0.068 97.940
147  0.007 99.956 0.074 98.180 0.068 97.940
148  0.007 99.956 0.074 98.190 0.068 97.940
149  0.007 99.960 0.074 98.220 0.068 97.940
150  0.007 99.962 0.074 98.180 0.068 97.940
151  0.007 99.964 0.074 98.170 0.068 97.940
152  0.007 99.958 0.074 98.200 0.068 97.940
153  0.007 99.958 0.074 98.200 0.068 97.940
154  0.007 99.964 0.074 98.210 0.068 97.940
155  0.007 99.960 0.074 98.190 0.068 97.940
156  0.007 99.966 0.074 98.220 0.068 97.940
157  0.007 99.968 0.074 98.180 0.068 97.940
158  0.007 99.966 0.074 98.150 0.068 97.940
159  0.006 99.968 0.074 98.200 0.068 97.940
160  0.006 99.980 0.074 98.160 0.068 97.940
161  0.006 99.970 0.074 98.190 0.068 97.940
162  0.006 99.972 0.074 98.190 0.068 97.940
163  0.006 99.974 0.074 98.200 0.068 97.940
164  0.006 99.978 0.074 98.180 0.068 97.940
165  0.006 99.970 0.075 98.170 0.068 97.940
166  0.006 99.974 0.075 98.180 0.068 97.940
167  0.006 99.970 0.075 98.220 0.068 97.940
168  0.006 99.976 0.075 98.180 0.068 97.940
169  0.006 99.976 0.075 98.180 0.068 97.940
170  0.006 99.974 0.075 98.200 0.068 97.940
171  0.006 99.976 0.075 98.200 0.068 97.940
172  0.006 99.978 0.075 98.210 0.068 97.940
173  0.006 99.982 0.075 98.190 0.068 97.940
174  0.006 99.984 0.075 98.180 0.068 97.940
175  0.006 99.980 0.075 98.180 0.068 97.940
176  0.006 99.980 0.075 98.140 0.068 97.940
177  0.006 99.976 0.075 98.190 0.068 97.940
178  0.006 99.980 0.075 98.160 0.068 97.940
179  0.006 99.976 0.075 98.190 0.068 97.940
180  0.006 99.980 0.075 98.200 0.068 97.940
181  0.006 99.980 0.076 98.170 0.068 97.940
182  0.005 99.980 0.075 98.190 0.068 97.940
183  0.005 99.980 0.075 98.150 0.068 97.940
184  0.005 99.978 0.075 98.190 0.068 97.940
185  0.005 99.982 0.075 98.180 0.068 97.940
186  0.005 99.984 0.076 98.190 0.068 97.940
187  0.005 99.984 0.076 98.170 0.068 97.940
188  0.005 99.982 0.076 98.140 0.068 97.940
189  0.005 99.982 0.076 98.170 0.068 97.940
190  0.005 99.986 0.076 98.200 0.068 97.940
191  0.005 99.982 0.076 98.200 0.068 97.940
192  0.005 99.980 0.076 98.160 0.068 97.940
193  0.005 99.986 0.076 98.170 0.068 97.940
194  0.005 99.986 0.076 98.180 0.068 97.940
195  0.005 99.984 0.076 98.160 0.068 97.940
196  0.005 99.988 0.076 98.160 0.068 97.940
197  0.005 99.984 0.076 98.190 0.068 97.940
198  0.005 99.986 0.076 98.200 0.068 97.940
199  0.005 99.986 0.076 98.190 0.068 97.940
