0  0.489 92.136 0.158 96.500 0.163 96.230
1  0.126 97.228 0.120 97.080 0.122 96.850
2  0.094 97.816 0.103 97.340 0.105 97.270
3  0.078 98.188 0.094 97.660 0.095 97.480
4  0.067 98.402 0.088 97.810 0.087 97.580
5  0.059 98.624 0.083 97.900 0.083 97.620
6  0.053 98.816 0.080 97.900 0.083 97.620
7  0.048 98.944 0.078 97.870 0.083 97.620
8  0.044 99.040 0.076 97.970 0.074 97.800
9  0.041 99.154 0.075 97.950 0.074 97.800
10  0.038 99.198 0.073 97.960 0.074 97.800
11  0.036 99.270 0.073 97.940 0.074 97.800
12  0.034 99.328 0.071 98.020 0.069 97.930
13  0.032 99.366 0.070 98.050 0.068 97.980
14  0.030 99.416 0.070 98.010 0.068 97.980
15  0.029 99.476 0.069 98.060 0.066 98.020
16  0.027 99.528 0.069 98.070 0.066 97.980
17  0.026 99.556 0.068 98.080 0.065 98.070
18  0.024 99.604 0.068 98.130 0.065 97.980
19  0.023 99.614 0.068 98.120 0.065 97.980
20  0.022 99.638 0.068 98.170 0.064 98.040
21  0.022 99.668 0.067 98.200 0.064 98.060
22  0.021 99.700 0.067 98.180 0.064 98.060
23  0.020 99.716 0.067 98.180 0.064 98.060
24  0.019 99.728 0.067 98.130 0.064 98.060
25  0.018 99.754 0.066 98.170 0.064 98.060
26  0.018 99.792 0.067 98.170 0.064 98.060
27  0.017 99.798 0.066 98.250 0.062 98.070
28  0.016 99.814 0.066 98.250 0.062 98.070
29  0.016 99.824 0.067 98.150 0.062 98.070
30  0.015 99.846 0.067 98.170 0.062 98.070
31  0.015 99.854 0.067 98.170 0.062 98.070
32  0.014 99.848 0.066 98.230 0.062 98.070
33  0.014 99.864 0.067 98.200 0.062 98.070
34  0.013 99.868 0.067 98.210 0.062 98.070
35  0.013 99.878 0.066 98.250 0.062 98.070
36  0.013 99.884 0.067 98.220 0.062 98.070
37  0.012 99.898 0.066 98.260 0.062 98.100
38  0.012 99.902 0.067 98.260 0.062 98.070
39  0.012 99.904 0.067 98.280 0.062 98.060
40  0.011 99.902 0.067 98.240 0.062 98.060
41  0.011 99.912 0.067 98.270 0.062 98.060
42  0.011 99.914 0.067 98.270 0.062 98.060
43  0.010 99.918 0.067 98.300 0.062 98.070
44  0.010 99.918 0.067 98.280 0.062 98.070
45  0.010 99.926 0.067 98.260 0.062 98.070
46  0.010 99.930 0.068 98.280 0.062 98.070
47  0.009 99.932 0.067 98.310 0.062 98.090
48  0.009 99.932 0.068 98.250 0.062 98.090
49  0.009 99.926 0.068 98.260 0.062 98.090
50  0.009 99.944 0.068 98.270 0.062 98.090
51  0.008 99.936 0.068 98.280 0.062 98.090
52  0.008 99.946 0.068 98.290 0.062 98.090
53  0.008 99.948 0.068 98.310 0.062 98.140
54  0.008 99.952 0.068 98.290 0.062 98.140
55  0.008 99.958 0.069 98.260 0.062 98.140
56  0.008 99.956 0.069 98.290 0.062 98.140
57  0.007 99.958 0.068 98.300 0.062 98.140
58  0.007 99.966 0.068 98.280 0.062 98.140
59  0.007 99.954 0.069 98.290 0.062 98.140
60  0.007 99.958 0.069 98.270 0.062 98.140
61  0.007 99.970 0.069 98.270 0.062 98.140
62  0.007 99.972 0.069 98.250 0.062 98.140
63  0.007 99.974 0.069 98.270 0.062 98.140
64  0.006 99.976 0.069 98.230 0.062 98.140
65  0.006 99.974 0.069 98.230 0.062 98.140
66  0.006 99.976 0.070 98.270 0.062 98.140
67  0.006 99.978 0.069 98.270 0.062 98.140
68  0.006 99.978 0.070 98.170 0.062 98.140
69  0.006 99.980 0.070 98.290 0.062 98.140
70  0.006 99.978 0.070 98.290 0.062 98.140
71  0.006 99.982 0.070 98.280 0.062 98.140
72  0.006 99.984 0.070 98.290 0.062 98.140
73  0.005 99.982 0.070 98.240 0.062 98.140
74  0.005 99.984 0.070 98.260 0.062 98.140
75  0.005 99.984 0.070 98.250 0.062 98.140
76  0.005 99.986 0.071 98.200 0.062 98.140
77  0.005 99.986 0.070 98.240 0.062 98.140
78  0.005 99.984 0.070 98.250 0.062 98.140
79  0.005 99.986 0.071 98.230 0.062 98.140
80  0.005 99.986 0.071 98.240 0.062 98.140
81  0.005 99.986 0.071 98.260 0.062 98.140
82  0.005 99.986 0.071 98.250 0.062 98.140
83  0.005 99.988 0.071 98.230 0.062 98.140
84  0.005 99.988 0.071 98.250 0.062 98.140
85  0.004 99.986 0.071 98.230 0.062 98.140
86  0.004 99.990 0.071 98.260 0.062 98.140
87  0.004 99.992 0.071 98.280 0.062 98.140
88  0.004 99.988 0.072 98.230 0.062 98.140
89  0.004 99.990 0.071 98.250 0.062 98.140
90  0.004 99.990 0.072 98.250 0.062 98.140
91  0.004 99.990 0.072 98.250 0.062 98.140
92  0.004 99.990 0.072 98.260 0.062 98.140
93  0.004 99.992 0.072 98.250 0.062 98.140
94  0.004 99.994 0.072 98.260 0.062 98.140
95  0.004 99.990 0.072 98.230 0.062 98.140
96  0.004 99.992 0.072 98.260 0.062 98.140
97  0.004 99.992 0.072 98.220 0.062 98.140
98  0.004 99.992 0.072 98.250 0.062 98.140
99  0.004 99.994 0.073 98.230 0.062 98.140
100  0.004 99.994 0.073 98.240 0.062 98.140
101  0.004 99.992 0.073 98.220 0.062 98.140
102  0.004 99.996 0.073 98.220 0.062 98.140
103  0.003 99.994 0.073 98.210 0.062 98.140
104  0.003 99.994 0.073 98.220 0.062 98.140
105  0.003 99.994 0.073 98.210 0.062 98.140
106  0.003 99.996 0.073 98.220 0.062 98.140
107  0.003 99.996 0.073 98.240 0.062 98.140
108  0.003 99.996 0.073 98.230 0.062 98.140
109  0.003 99.998 0.074 98.240 0.062 98.140
110  0.003 99.996 0.073 98.220 0.062 98.140
111  0.003 99.994 0.074 98.240 0.062 98.140
112  0.003 99.996 0.074 98.230 0.062 98.140
113  0.003 99.998 0.074 98.220 0.062 98.140
114  0.003 99.996 0.074 98.230 0.062 98.140
115  0.003 99.996 0.074 98.230 0.062 98.140
116  0.003 99.994 0.074 98.260 0.062 98.140
117  0.003 99.998 0.074 98.220 0.062 98.140
118  0.003 99.998 0.074 98.210 0.062 98.140
119  0.003 99.998 0.074 98.220 0.062 98.140
120  0.003 99.998 0.074 98.240 0.062 98.140
121  0.003 99.998 0.075 98.210 0.062 98.140
122  0.003 99.998 0.075 98.230 0.062 98.140
123  0.003 99.998 0.075 98.240 0.062 98.140
124  0.003 99.998 0.075 98.210 0.062 98.140
125  0.003 99.998 0.075 98.230 0.062 98.140
126  0.003 99.998 0.075 98.210 0.062 98.140
127  0.003 99.998 0.075 98.250 0.062 98.140
128  0.003 99.998 0.075 98.210 0.062 98.140
129  0.003 99.998 0.075 98.250 0.062 98.140
130  0.003 99.998 0.075 98.220 0.062 98.140
131  0.003 99.998 0.075 98.220 0.062 98.140
132  0.003 99.998 0.075 98.210 0.062 98.140
133  0.002 99.998 0.076 98.240 0.062 98.140
134  0.002 99.998 0.076 98.240 0.062 98.140
135  0.002 99.996 0.075 98.230 0.062 98.140
136  0.002 99.998 0.075 98.230 0.062 98.140
137  0.002 99.998 0.076 98.220 0.062 98.140
138  0.002 100.000 0.076 98.230 0.062 98.140
139  0.002 99.998 0.076 98.190 0.062 98.140
140  0.002 99.998 0.076 98.240 0.062 98.140
141  0.002 99.998 0.076 98.230 0.062 98.140
142  0.002 99.998 0.076 98.200 0.062 98.140
143  0.002 100.000 0.076 98.200 0.062 98.140
144  0.002 99.998 0.076 98.230 0.062 98.140
145  0.002 99.998 0.076 98.230 0.062 98.140
146  0.002 99.998 0.076 98.200 0.062 98.140
147  0.002 100.000 0.076 98.220 0.062 98.140
148  0.002 100.000 0.076 98.240 0.062 98.140
149  0.002 99.998 0.077 98.240 0.062 98.140
150  0.002 100.000 0.077 98.240 0.062 98.140
151  0.002 99.998 0.077 98.240 0.062 98.140
152  0.002 99.998 0.077 98.200 0.062 98.140
153  0.002 99.998 0.077 98.210 0.062 98.140
154  0.002 100.000 0.077 98.220 0.062 98.140
155  0.002 99.998 0.077 98.210 0.062 98.140
156  0.002 100.000 0.077 98.230 0.062 98.140
157  0.002 100.000 0.077 98.220 0.062 98.140
158  0.002 100.000 0.077 98.230 0.062 98.140
159  0.002 100.000 0.077 98.210 0.062 98.140
160  0.002 100.000 0.077 98.230 0.062 98.140
161  0.002 100.000 0.077 98.210 0.062 98.140
162  0.002 100.000 0.078 98.240 0.062 98.140
163  0.002 100.000 0.077 98.220 0.062 98.140
164  0.002 100.000 0.078 98.210 0.062 98.140
165  0.002 100.000 0.078 98.230 0.062 98.140
166  0.002 100.000 0.078 98.220 0.062 98.140
167  0.002 100.000 0.078 98.210 0.062 98.140
168  0.002 100.000 0.078 98.230 0.062 98.140
169  0.002 100.000 0.078 98.220 0.062 98.140
170  0.002 100.000 0.078 98.230 0.062 98.140
171  0.002 100.000 0.078 98.230 0.062 98.140
172  0.002 100.000 0.078 98.220 0.062 98.140
173  0.002 100.000 0.078 98.220 0.062 98.140
174  0.002 100.000 0.078 98.190 0.062 98.140
175  0.002 100.000 0.078 98.190 0.062 98.140
176  0.002 100.000 0.078 98.200 0.062 98.140
177  0.002 100.000 0.078 98.260 0.062 98.140
178  0.002 100.000 0.079 98.230 0.062 98.140
179  0.002 100.000 0.078 98.190 0.062 98.140
180  0.002 100.000 0.078 98.200 0.062 98.140
181  0.002 100.000 0.078 98.220 0.062 98.140
182  0.002 100.000 0.079 98.190 0.062 98.140
183  0.002 100.000 0.079 98.220 0.062 98.140
184  0.002 100.000 0.079 98.220 0.062 98.140
185  0.002 100.000 0.079 98.200 0.062 98.140
186  0.002 100.000 0.079 98.200 0.062 98.140
187  0.002 100.000 0.079 98.210 0.062 98.140
188  0.002 100.000 0.079 98.230 0.062 98.140
189  0.002 100.000 0.079 98.220 0.062 98.140
190  0.002 100.000 0.079 98.210 0.062 98.140
191  0.002 100.000 0.079 98.220 0.062 98.140
192  0.002 100.000 0.079 98.240 0.062 98.140
193  0.002 100.000 0.079 98.220 0.062 98.140
194  0.002 100.000 0.079 98.200 0.062 98.140
195  0.002 100.000 0.079 98.200 0.062 98.140
196  0.001 100.000 0.080 98.250 0.062 98.140
197  0.001 100.000 0.079 98.210 0.062 98.140
198  0.001 100.000 0.080 98.230 0.062 98.140
199  0.001 100.000 0.080 98.220 0.062 98.140
