0  0.523 91.658 0.188 96.220 0.193 95.820
1  0.154 96.902 0.142 96.800 0.146 96.420
2  0.118 97.390 0.123 97.040 0.125 96.700
3  0.100 97.700 0.112 97.150 0.115 96.960
4  0.088 97.914 0.105 97.330 0.106 97.140
5  0.080 98.066 0.099 97.440 0.100 97.300
6  0.073 98.256 0.096 97.590 0.096 97.420
7  0.068 98.348 0.093 97.610 0.094 97.420
8  0.064 98.464 0.090 97.630 0.090 97.520
9  0.060 98.560 0.088 97.660 0.088 97.570
10  0.057 98.608 0.086 97.710 0.086 97.590
11  0.054 98.704 0.085 97.760 0.084 97.570
12  0.052 98.764 0.084 97.730 0.084 97.570
13  0.050 98.818 0.083 97.760 0.084 97.570
14  0.048 98.858 0.081 97.810 0.080 97.650
15  0.046 98.908 0.081 97.810 0.080 97.650
16  0.045 98.962 0.080 97.800 0.080 97.650
17  0.043 98.964 0.079 97.830 0.077 97.720
18  0.042 99.028 0.078 97.850 0.077 97.690
19  0.041 99.062 0.078 97.840 0.077 97.690
20  0.040 99.110 0.077 97.870 0.075 97.770
21  0.039 99.108 0.077 97.870 0.075 97.770
22  0.038 99.124 0.076 97.870 0.075 97.770
23  0.037 99.170 0.076 97.870 0.075 97.770
24  0.036 99.164 0.075 97.900 0.074 97.800
25  0.035 99.210 0.076 97.870 0.074 97.800
26  0.034 99.244 0.075 97.890 0.074 97.800
27  0.033 99.264 0.075 97.890 0.074 97.800
28  0.033 99.262 0.075 97.870 0.074 97.800
29  0.032 99.278 0.075 97.880 0.074 97.800
30  0.031 99.306 0.075 97.920 0.072 97.850
31  0.031 99.326 0.074 97.950 0.072 97.830
32  0.030 99.334 0.073 97.960 0.071 97.830
33  0.029 99.366 0.073 97.860 0.071 97.830
34  0.029 99.366 0.073 97.910 0.071 97.830
35  0.028 99.384 0.073 97.920 0.071 97.830
36  0.028 99.414 0.074 97.960 0.070 97.880
37  0.027 99.408 0.073 97.940 0.070 97.880
38  0.027 99.416 0.073 97.930 0.070 97.880
39  0.026 99.434 0.073 98.040 0.070 97.860
40  0.026 99.452 0.073 97.940 0.070 97.860
41  0.026 99.462 0.073 97.950 0.070 97.860
42  0.025 99.486 0.072 97.970 0.070 97.860
43  0.025 99.480 0.072 98.000 0.070 97.860
44  0.024 99.494 0.073 98.020 0.070 97.860
45  0.024 99.516 0.073 98.030 0.070 97.860
46  0.024 99.534 0.072 98.020 0.070 97.860
47  0.023 99.528 0.073 98.030 0.070 97.860
48  0.023 99.530 0.073 98.010 0.070 97.860
49  0.023 99.542 0.072 98.030 0.070 97.860
50  0.022 99.556 0.072 98.020 0.070 97.860
51  0.022 99.586 0.072 98.030 0.070 97.860
52  0.022 99.594 0.072 98.040 0.070 97.860
53  0.021 99.606 0.072 98.070 0.069 97.860
54  0.021 99.604 0.072 98.020 0.069 97.860
55  0.021 99.618 0.072 98.090 0.069 97.900
56  0.020 99.622 0.072 98.060 0.069 97.900
57  0.020 99.644 0.072 97.970 0.069 97.900
58  0.020 99.650 0.072 98.060 0.069 97.900
59  0.020 99.648 0.072 98.050 0.069 97.900
60  0.019 99.674 0.072 98.040 0.069 97.900
61  0.019 99.678 0.072 97.970 0.069 97.900
62  0.019 99.692 0.072 98.050 0.069 97.900
63  0.019 99.674 0.072 98.040 0.069 97.900
64  0.018 99.700 0.072 97.940 0.069 97.900
65  0.018 99.706 0.072 98.070 0.069 97.900
66  0.018 99.716 0.072 98.040 0.069 97.900
67  0.018 99.708 0.072 98.070 0.069 97.900
68  0.018 99.730 0.072 98.070 0.069 97.900
69  0.017 99.744 0.072 98.040 0.069 97.900
70  0.017 99.748 0.073 98.040 0.069 97.900
71  0.017 99.744 0.072 98.020 0.069 97.900
72  0.017 99.750 0.072 98.020 0.069 97.900
73  0.017 99.760 0.072 98.000 0.069 97.900
74  0.016 99.778 0.073 98.000 0.069 97.900
75  0.016 99.784 0.072 98.010 0.069 97.900
76  0.016 99.770 0.072 98.070 0.069 97.900
77  0.016 99.778 0.072 98.020 0.069 97.900
78  0.016 99.784 0.072 98.030 0.069 97.900
79  0.016 99.788 0.073 98.030 0.069 97.900
80  0.015 99.796 0.072 98.020 0.069 97.900
81  0.015 99.802 0.073 98.030 0.069 97.900
82  0.015 99.802 0.072 98.050 0.069 97.900
83  0.015 99.804 0.072 98.010 0.069 97.900
84  0.015 99.812 0.072 98.040 0.069 97.900
85  0.015 99.816 0.072 98.030 0.069 97.900
86  0.014 99.818 0.073 98.030 0.069 97.900
87  0.014 99.812 0.073 98.060 0.069 97.900
88  0.014 99.822 0.072 98.080 0.069 97.900
89  0.014 99.830 0.072 98.030 0.069 97.900
90  0.014 99.834 0.073 98.030 0.069 97.900
91  0.014 99.830 0.073 98.090 0.069 97.900
92  0.014 99.828 0.073 98.020 0.069 97.900
93  0.013 99.830 0.073 98.080 0.069 97.900
94  0.013 99.844 0.073 98.060 0.069 97.900
95  0.013 99.846 0.073 98.040 0.069 97.900
96  0.013 99.856 0.073 98.040 0.069 97.900
97  0.013 99.848 0.073 98.010 0.069 97.900
98  0.013 99.850 0.073 98.060 0.069 97.900
99  0.013 99.862 0.073 98.020 0.069 97.900
100  0.012 99.862 0.073 98.040 0.069 97.900
101  0.012 99.858 0.073 98.010 0.069 97.900
102  0.012 99.866 0.073 98.050 0.069 97.900
103  0.012 99.874 0.073 98.040 0.069 97.900
104  0.012 99.878 0.073 98.070 0.069 97.900
105  0.012 99.870 0.073 98.050 0.069 97.900
106  0.012 99.870 0.073 98.060 0.069 97.900
107  0.012 99.882 0.073 98.060 0.069 97.900
108  0.012 99.880 0.074 98.050 0.069 97.900
109  0.012 99.886 0.073 98.050 0.069 97.900
110  0.011 99.890 0.073 98.070 0.069 97.900
111  0.011 99.886 0.074 98.050 0.069 97.900
112  0.011 99.898 0.074 98.030 0.069 97.900
113  0.011 99.888 0.073 98.060 0.069 97.900
114  0.011 99.904 0.074 98.070 0.069 97.900
115  0.011 99.896 0.074 98.040 0.069 97.900
116  0.011 99.894 0.074 98.060 0.069 97.900
117  0.011 99.896 0.073 98.070 0.069 97.900
118  0.011 99.898 0.074 98.070 0.069 97.900
119  0.011 99.900 0.074 98.090 0.069 97.900
120  0.010 99.904 0.074 98.070 0.069 97.900
121  0.010 99.906 0.074 98.030 0.069 97.900
122  0.010 99.908 0.074 98.080 0.069 97.900
123  0.010 99.904 0.074 98.050 0.069 97.900
124  0.010 99.912 0.074 98.080 0.069 97.900
125  0.010 99.906 0.074 98.100 0.070 97.950
126  0.010 99.914 0.074 98.060 0.070 97.950
127  0.010 99.912 0.074 98.070 0.070 97.950
128  0.010 99.914 0.074 98.050 0.070 97.950
129  0.010 99.914 0.074 98.070 0.070 97.950
130  0.010 99.916 0.075 98.080 0.070 97.950
131  0.010 99.916 0.074 98.070 0.070 97.950
132  0.009 99.920 0.075 98.080 0.070 97.950
133  0.009 99.914 0.074 98.070 0.070 97.950
134  0.009 99.916 0.075 98.070 0.070 97.950
135  0.009 99.922 0.075 98.090 0.070 97.950
136  0.009 99.922 0.074 98.080 0.070 97.950
137  0.009 99.920 0.075 98.040 0.070 97.950
138  0.009 99.926 0.074 98.060 0.070 97.950
139  0.009 99.928 0.075 98.090 0.070 97.950
140  0.009 99.928 0.075 98.100 0.070 97.950
141  0.009 99.932 0.075 98.080 0.070 97.950
142  0.009 99.928 0.075 98.080 0.070 97.950
143  0.009 99.930 0.075 98.060 0.070 97.950
144  0.009 99.932 0.075 98.050 0.070 97.950
145  0.009 99.930 0.075 98.050 0.070 97.950
146  0.008 99.930 0.075 98.070 0.070 97.950
147  0.008 99.934 0.075 98.100 0.070 97.950
148  0.008 99.938 0.075 98.050 0.070 97.950
149  0.008 99.934 0.075 98.080 0.070 97.950
150  0.008 99.942 0.075 98.100 0.070 97.950
151  0.008 99.934 0.075 98.080 0.070 97.950
152  0.008 99.940 0.075 98.080 0.070 97.950
153  0.008 99.936 0.075 98.070 0.070 97.950
154  0.008 99.946 0.076 98.080 0.070 97.950
155  0.008 99.940 0.075 98.080 0.070 97.950
156  0.008 99.944 0.076 98.060 0.070 97.950
157  0.008 99.948 0.076 98.050 0.070 97.950
158  0.008 99.944 0.075 98.090 0.070 97.950
159  0.008 99.942 0.075 98.110 0.070 97.930
160  0.008 99.944 0.075 98.100 0.070 97.930
161  0.008 99.954 0.076 98.050 0.070 97.930
162  0.008 99.944 0.076 98.030 0.070 97.930
163  0.008 99.950 0.076 98.070 0.070 97.930
164  0.007 99.948 0.076 98.120 0.070 97.960
165  0.007 99.950 0.076 98.050 0.070 97.960
166  0.007 99.952 0.076 98.110 0.070 97.960
167  0.007 99.952 0.076 98.100 0.070 97.960
168  0.007 99.948 0.076 98.090 0.070 97.960
169  0.007 99.956 0.076 98.080 0.070 97.960
170  0.007 99.954 0.076 98.100 0.070 97.960
171  0.007 99.962 0.076 98.050 0.070 97.960
172  0.007 99.952 0.076 98.090 0.070 97.960
173  0.007 99.964 0.076 98.110 0.070 97.960
174  0.007 99.964 0.076 98.070 0.070 97.960
175  0.007 99.962 0.076 98.090 0.070 97.960
176  0.007 99.962 0.076 98.100 0.070 97.960
177  0.007 99.964 0.076 98.110 0.070 97.960
178  0.007 99.960 0.076 98.040 0.070 97.960
179  0.007 99.966 0.076 98.120 0.070 97.960
180  0.007 99.964 0.076 98.080 0.070 97.960
181  0.007 99.964 0.077 98.080 0.070 97.960
182  0.007 99.964 0.076 98.070 0.070 97.960
183  0.007 99.968 0.076 98.110 0.070 97.960
184  0.007 99.968 0.077 98.100 0.070 97.960
185  0.007 99.968 0.077 98.090 0.070 97.960
186  0.006 99.970 0.077 98.100 0.070 97.960
187  0.006 99.968 0.077 98.120 0.070 97.960
188  0.006 99.972 0.077 98.090 0.070 97.960
189  0.006 99.968 0.077 98.110 0.070 97.960
190  0.006 99.970 0.077 98.070 0.070 97.960
191  0.006 99.974 0.077 98.120 0.070 97.960
192  0.006 99.970 0.077 98.100 0.070 97.960
193  0.006 99.974 0.077 98.110 0.070 97.960
194  0.006 99.974 0.077 98.090 0.070 97.960
195  0.006 99.974 0.077 98.100 0.070 97.960
196  0.006 99.972 0.077 98.110 0.070 97.960
197  0.006 99.974 0.077 98.110 0.070 97.960
198  0.006 99.972 0.077 98.110 0.070 97.960
199  0.006 99.974 0.077 98.110 0.070 97.960
