0  0.563 90.314 0.220 95.650 0.230 95.060
1  0.183 96.334 0.169 96.040 0.177 95.540
2  0.144 96.790 0.148 96.190 0.155 95.810
3  0.125 97.026 0.136 96.380 0.143 95.900
4  0.113 97.194 0.129 96.460 0.135 96.090
5  0.104 97.322 0.124 96.560 0.129 96.100
6  0.098 97.448 0.120 96.590 0.124 96.380
7  0.093 97.510 0.117 96.790 0.121 96.390
8  0.089 97.578 0.114 96.720 0.121 96.390
9  0.085 97.662 0.112 96.740 0.121 96.390
10  0.082 97.708 0.111 96.800 0.113 96.500
11  0.079 97.748 0.109 96.860 0.111 96.560
12  0.077 97.760 0.108 96.870 0.109 96.690
13  0.075 97.836 0.107 96.890 0.108 96.650
14  0.073 97.876 0.106 96.880 0.108 96.650
15  0.071 97.928 0.105 96.970 0.105 96.810
16  0.069 97.948 0.103 97.000 0.103 96.820
17  0.068 98.020 0.102 97.060 0.103 96.850
18  0.066 98.028 0.102 97.030 0.103 96.850
19  0.065 98.082 0.100 97.100 0.101 96.880
20  0.063 98.096 0.100 97.110 0.100 96.980
21  0.062 98.146 0.099 97.110 0.100 96.980
22  0.061 98.138 0.098 97.160 0.098 97.070
23  0.059 98.222 0.097 97.180 0.097 97.080
24  0.058 98.252 0.098 97.160 0.097 97.080
25  0.057 98.248 0.096 97.220 0.096 97.150
26  0.056 98.284 0.096 97.190 0.096 97.150
27  0.055 98.320 0.095 97.210 0.096 97.150
28  0.054 98.380 0.096 97.220 0.094 97.160
29  0.053 98.418 0.095 97.240 0.094 97.160
30  0.052 98.414 0.095 97.390 0.093 97.170
31  0.051 98.430 0.094 97.360 0.093 97.170
32  0.051 98.470 0.094 97.380 0.093 97.170
33  0.050 98.492 0.094 97.400 0.092 97.170
34  0.049 98.510 0.093 97.400 0.092 97.170
35  0.048 98.532 0.093 97.450 0.091 97.290
36  0.048 98.566 0.092 97.490 0.090 97.310
37  0.047 98.608 0.092 97.430 0.090 97.310
38  0.046 98.622 0.092 97.430 0.090 97.310
39  0.046 98.648 0.092 97.450 0.090 97.310
40  0.045 98.664 0.091 97.540 0.089 97.380
41  0.045 98.686 0.092 97.460 0.089 97.380
42  0.044 98.700 0.092 97.490 0.089 97.380
43  0.044 98.712 0.092 97.470 0.089 97.380
44  0.043 98.750 0.091 97.500 0.089 97.380
45  0.043 98.796 0.091 97.480 0.089 97.380
46  0.042 98.770 0.091 97.510 0.089 97.380
47  0.042 98.770 0.091 97.510 0.089 97.380
48  0.041 98.830 0.090 97.550 0.088 97.410
49  0.041 98.848 0.091 97.470 0.088 97.410
50  0.041 98.854 0.090 97.560 0.087 97.510
51  0.040 98.838 0.090 97.580 0.087 97.450
52  0.040 98.860 0.090 97.510 0.087 97.450
53  0.039 98.892 0.090 97.530 0.087 97.450
54  0.039 98.910 0.090 97.490 0.087 97.450
55  0.039 98.916 0.090 97.490 0.087 97.450
56  0.038 98.910 0.091 97.530 0.087 97.450
57  0.038 98.952 0.090 97.510 0.087 97.450
58  0.037 98.954 0.090 97.530 0.087 97.450
59  0.037 98.950 0.090 97.560 0.087 97.450
60  0.037 98.954 0.089 97.590 0.086 97.500
61  0.037 98.968 0.089 97.560 0.086 97.500
62  0.036 99.002 0.090 97.620 0.086 97.450
63  0.036 99.000 0.090 97.530 0.086 97.450
64  0.036 99.016 0.089 97.570 0.086 97.450
65  0.035 99.012 0.089 97.600 0.086 97.450
66  0.035 99.032 0.089 97.580 0.086 97.450
67  0.035 99.016 0.089 97.560 0.086 97.450
68  0.034 99.030 0.089 97.590 0.086 97.450
69  0.034 99.046 0.089 97.560 0.086 97.450
70  0.034 99.072 0.089 97.560 0.086 97.450
71  0.034 99.066 0.089 97.610 0.086 97.450
72  0.033 99.072 0.089 97.560 0.086 97.450
73  0.033 99.068 0.089 97.570 0.086 97.450
74  0.033 99.102 0.089 97.600 0.086 97.450
75  0.033 99.080 0.088 97.580 0.086 97.450
76  0.032 99.112 0.089 97.560 0.086 97.450
77  0.032 99.122 0.089 97.610 0.086 97.450
78  0.032 99.130 0.088 97.560 0.086 97.450
79  0.032 99.144 0.089 97.550 0.086 97.450
80  0.031 99.152 0.088 97.570 0.086 97.450
81  0.031 99.130 0.089 97.590 0.086 97.450
82  0.031 99.146 0.089 97.570 0.086 97.450
83  0.031 99.148 0.089 97.630 0.085 97.530
84  0.030 99.182 0.089 97.550 0.085 97.530
85  0.030 99.178 0.089 97.580 0.085 97.530
86  0.030 99.176 0.089 97.570 0.085 97.530
87  0.030 99.186 0.089 97.620 0.085 97.530
88  0.030 99.180 0.090 97.580 0.085 97.530
89  0.029 99.202 0.089 97.580 0.085 97.530
90  0.029 99.192 0.089 97.600 0.085 97.530
91  0.029 99.194 0.089 97.560 0.085 97.530
92  0.029 99.236 0.089 97.540 0.085 97.530
93  0.029 99.234 0.089 97.610 0.085 97.530
94  0.028 99.230 0.089 97.610 0.085 97.530
95  0.028 99.248 0.089 97.580 0.085 97.530
96  0.028 99.232 0.089 97.600 0.085 97.530
97  0.028 99.242 0.089 97.600 0.085 97.530
98  0.028 99.250 0.089 97.620 0.085 97.530
99  0.027 99.274 0.089 97.580 0.085 97.530
100  0.027 99.252 0.089 97.610 0.085 97.530
101  0.027 99.278 0.089 97.610 0.085 97.530
102  0.027 99.292 0.089 97.600 0.085 97.530
103  0.027 99.286 0.089 97.630 0.085 97.530
104  0.026 99.306 0.089 97.610 0.085 97.530
105  0.026 99.310 0.089 97.620 0.085 97.530
106  0.026 99.312 0.089 97.570 0.085 97.530
107  0.026 99.340 0.089 97.620 0.085 97.530
108  0.026 99.318 0.088 97.620 0.085 97.530
109  0.025 99.328 0.089 97.660 0.084 97.590
110  0.025 99.340 0.089 97.550 0.084 97.590
111  0.025 99.340 0.089 97.580 0.084 97.590
112  0.025 99.330 0.089 97.610 0.084 97.590
113  0.025 99.348 0.089 97.620 0.084 97.590
114  0.025 99.348 0.089 97.570 0.084 97.590
115  0.025 99.362 0.089 97.590 0.084 97.590
116  0.024 99.378 0.089 97.590 0.084 97.590
117  0.024 99.360 0.089 97.570 0.084 97.590
118  0.024 99.400 0.089 97.540 0.084 97.590
119  0.024 99.378 0.089 97.600 0.084 97.590
120  0.024 99.358 0.089 97.550 0.084 97.590
121  0.024 99.410 0.089 97.610 0.084 97.590
122  0.023 99.420 0.089 97.580 0.084 97.590
123  0.023 99.404 0.089 97.600 0.084 97.590
124  0.023 99.430 0.089 97.620 0.084 97.590
125  0.023 99.420 0.089 97.630 0.084 97.590
126  0.023 99.424 0.089 97.640 0.084 97.590
127  0.023 99.424 0.089 97.600 0.084 97.590
128  0.023 99.420 0.089 97.580 0.084 97.590
129  0.022 99.434 0.089 97.560 0.084 97.590
130  0.022 99.448 0.089 97.620 0.084 97.590
131  0.022 99.456 0.089 97.600 0.084 97.590
132  0.022 99.448 0.089 97.650 0.084 97.590
133  0.022 99.468 0.089 97.630 0.084 97.590
134  0.022 99.464 0.090 97.570 0.084 97.590
135  0.022 99.476 0.089 97.670 0.084 97.600
136  0.021 99.476 0.089 97.640 0.084 97.600
137  0.021 99.484 0.089 97.630 0.084 97.600
138  0.021 99.476 0.089 97.590 0.084 97.600
139  0.021 99.486 0.089 97.560 0.084 97.600
140  0.021 99.498 0.089 97.580 0.084 97.600
141  0.021 99.506 0.089 97.620 0.084 97.600
142  0.021 99.516 0.089 97.660 0.084 97.600
143  0.021 99.496 0.089 97.620 0.084 97.600
144  0.020 99.516 0.090 97.610 0.084 97.600
145  0.020 99.512 0.089 97.650 0.084 97.600
146  0.020 99.522 0.090 97.610 0.084 97.600
147  0.020 99.526 0.089 97.600 0.084 97.600
148  0.020 99.512 0.090 97.640 0.084 97.600
149  0.020 99.528 0.089 97.610 0.084 97.600
150  0.020 99.542 0.089 97.630 0.084 97.600
151  0.019 99.556 0.090 97.670 0.084 97.600
152  0.019 99.550 0.090 97.650 0.084 97.600
153  0.019 99.564 0.090 97.640 0.084 97.600
154  0.019 99.560 0.089 97.650 0.084 97.600
155  0.019 99.560 0.089 97.660 0.084 97.600
156  0.019 99.570 0.090 97.700 0.084 97.660
157  0.019 99.568 0.090 97.690 0.084 97.660
158  0.019 99.584 0.089 97.650 0.084 97.660
159  0.019 99.572 0.090 97.670 0.084 97.660
160  0.018 99.578 0.089 97.650 0.084 97.660
161  0.018 99.588 0.090 97.660 0.084 97.660
162  0.018 99.582 0.090 97.660 0.084 97.660
163  0.018 99.600 0.090 97.630 0.084 97.660
164  0.018 99.584 0.090 97.670 0.084 97.660
165  0.018 99.588 0.090 97.630 0.084 97.660
166  0.018 99.598 0.090 97.730 0.084 97.700
167  0.018 99.622 0.090 97.620 0.084 97.700
168  0.018 99.610 0.091 97.720 0.084 97.700
169  0.017 99.618 0.090 97.660 0.084 97.700
170  0.017 99.642 0.090 97.690 0.084 97.700
171  0.017 99.620 0.090 97.670 0.084 97.700
172  0.017 99.630 0.090 97.690 0.084 97.700
173  0.017 99.642 0.090 97.650 0.084 97.700
174  0.017 99.630 0.091 97.740 0.084 97.650
175  0.017 99.634 0.090 97.640 0.084 97.650
176  0.017 99.640 0.090 97.720 0.084 97.650
177  0.017 99.644 0.090 97.680 0.084 97.650
178  0.016 99.644 0.091 97.700 0.084 97.650
179  0.016 99.658 0.090 97.680 0.084 97.650
180  0.016 99.694 0.090 97.680 0.084 97.650
181  0.016 99.660 0.091 97.720 0.084 97.650
182  0.016 99.652 0.091 97.710 0.084 97.650
183  0.016 99.676 0.091 97.680 0.084 97.650
184  0.016 99.686 0.091 97.680 0.084 97.650
185  0.016 99.692 0.091 97.690 0.084 97.650
186  0.016 99.692 0.091 97.730 0.084 97.650
187  0.016 99.690 0.091 97.710 0.084 97.650
188  0.016 99.698 0.091 97.660 0.084 97.650
189  0.015 99.706 0.091 97.700 0.084 97.650
190  0.015 99.698 0.091 97.720 0.084 97.650
191  0.015 99.718 0.090 97.640 0.084 97.650
192  0.015 99.710 0.090 97.690 0.084 97.650
193  0.015 99.714 0.091 97.690 0.084 97.650
194  0.015 99.730 0.091 97.700 0.084 97.650
195  0.015 99.738 0.091 97.700 0.084 97.650
196  0.015 99.726 0.091 97.730 0.084 97.650
197  0.015 99.710 0.091 97.680 0.084 97.650
198  0.015 99.722 0.091 97.760 0.085 97.670
199  0.014 99.740 0.091 97.670 0.085 97.670
