0  0.563 90.684 0.223 95.630 0.231 95.110
1  0.185 96.366 0.172 96.080 0.179 95.540
2  0.146 96.806 0.151 96.230 0.158 95.720
3  0.127 96.998 0.139 96.370 0.145 95.870
4  0.115 97.212 0.132 96.490 0.138 96.050
5  0.106 97.338 0.126 96.650 0.132 96.170
6  0.100 97.426 0.123 96.540 0.132 96.170
7  0.095 97.446 0.120 96.720 0.125 96.310
8  0.091 97.560 0.117 96.720 0.125 96.310
9  0.088 97.632 0.116 96.730 0.120 96.310
10  0.085 97.646 0.114 96.780 0.117 96.400
11  0.083 97.692 0.113 96.790 0.116 96.390
12  0.080 97.702 0.111 96.880 0.114 96.490
13  0.078 97.772 0.110 96.890 0.113 96.570
14  0.077 97.798 0.109 96.950 0.112 96.520
15  0.075 97.836 0.109 96.940 0.112 96.520
16  0.074 97.876 0.107 96.980 0.110 96.620
17  0.072 97.864 0.108 96.960 0.110 96.620
18  0.071 97.884 0.106 96.980 0.110 96.620
19  0.070 97.930 0.105 96.990 0.108 96.640
20  0.069 97.944 0.105 97.100 0.107 96.690
21  0.068 98.002 0.106 97.020 0.107 96.690
22  0.067 97.958 0.105 97.070 0.107 96.690
23  0.066 98.008 0.104 97.100 0.107 96.690
24  0.065 98.006 0.103 97.230 0.104 96.840
25  0.064 98.034 0.103 97.080 0.104 96.840
26  0.063 98.080 0.102 97.160 0.104 96.840
27  0.063 98.074 0.102 97.180 0.104 96.840
28  0.062 98.098 0.102 97.140 0.104 96.840
29  0.061 98.124 0.102 97.170 0.104 96.840
30  0.061 98.116 0.101 97.250 0.102 96.820
31  0.060 98.148 0.101 97.140 0.102 96.820
32  0.059 98.166 0.100 97.190 0.102 96.820
33  0.059 98.182 0.100 97.200 0.102 96.820
34  0.058 98.202 0.101 97.180 0.102 96.820
35  0.057 98.206 0.100 97.300 0.099 96.930
36  0.057 98.216 0.099 97.210 0.099 96.930
37  0.056 98.240 0.100 97.240 0.099 96.930
38  0.056 98.288 0.099 97.330 0.099 97.050
39  0.055 98.318 0.099 97.300 0.099 97.050
40  0.054 98.304 0.098 97.300 0.099 97.050
41  0.054 98.338 0.098 97.280 0.099 97.050
42  0.053 98.346 0.098 97.290 0.099 97.050
43  0.053 98.352 0.097 97.270 0.099 97.050
44  0.052 98.372 0.097 97.370 0.096 97.130
45  0.052 98.400 0.097 97.320 0.096 97.130
46  0.051 98.422 0.096 97.320 0.096 97.130
47  0.051 98.446 0.096 97.340 0.096 97.130
48  0.050 98.444 0.096 97.390 0.095 97.140
49  0.049 98.444 0.096 97.360 0.095 97.140
50  0.049 98.458 0.095 97.380 0.095 97.140
51  0.048 98.502 0.095 97.440 0.094 97.180
52  0.048 98.534 0.095 97.460 0.093 97.200
53  0.047 98.558 0.095 97.340 0.093 97.200
54  0.047 98.560 0.095 97.400 0.093 97.200
55  0.047 98.550 0.094 97.400 0.093 97.200
56  0.046 98.570 0.095 97.450 0.093 97.200
57  0.046 98.608 0.094 97.470 0.092 97.240
58  0.045 98.632 0.094 97.540 0.092 97.250
59  0.045 98.640 0.094 97.390 0.092 97.250
60  0.045 98.650 0.093 97.480 0.092 97.250
61  0.044 98.678 0.093 97.430 0.092 97.250
62  0.044 98.684 0.093 97.390 0.092 97.250
63  0.044 98.678 0.094 97.470 0.092 97.250
64  0.043 98.704 0.092 97.450 0.092 97.250
65  0.043 98.724 0.093 97.450 0.092 97.250
66  0.042 98.724 0.093 97.450 0.092 97.250
67  0.042 98.756 0.093 97.440 0.092 97.250
68  0.042 98.722 0.093 97.460 0.092 97.250
69  0.042 98.752 0.093 97.410 0.092 97.250
70  0.041 98.766 0.092 97.410 0.092 97.250
71  0.041 98.762 0.092 97.380 0.092 97.250
72  0.041 98.772 0.092 97.430 0.092 97.250
73  0.041 98.772 0.092 97.440 0.092 97.250
74  0.040 98.788 0.092 97.420 0.092 97.250
75  0.040 98.802 0.092 97.440 0.092 97.250
76  0.040 98.818 0.092 97.380 0.092 97.250
77  0.040 98.810 0.092 97.410 0.092 97.250
78  0.039 98.832 0.092 97.410 0.092 97.250
79  0.039 98.820 0.092 97.410 0.092 97.250
80  0.039 98.858 0.092 97.400 0.092 97.250
81  0.039 98.836 0.092 97.430 0.092 97.250
82  0.038 98.868 0.091 97.440 0.092 97.250
83  0.038 98.846 0.091 97.440 0.092 97.250
84  0.038 98.862 0.091 97.440 0.092 97.250
85  0.038 98.850 0.092 97.370 0.092 97.250
86  0.037 98.864 0.091 97.440 0.092 97.250
87  0.037 98.898 0.091 97.470 0.092 97.250
88  0.037 98.888 0.091 97.420 0.092 97.250
89  0.037 98.888 0.091 97.450 0.092 97.250
90  0.037 98.894 0.091 97.470 0.092 97.250
91  0.036 98.886 0.091 97.460 0.092 97.250
92  0.036 98.892 0.091 97.410 0.092 97.250
93  0.036 98.914 0.091 97.430 0.092 97.250
94  0.036 98.936 0.091 97.470 0.092 97.250
95  0.036 98.916 0.091 97.450 0.092 97.250
96  0.035 98.944 0.091 97.430 0.092 97.250
97  0.035 98.932 0.091 97.470 0.092 97.250
98  0.035 98.952 0.091 97.460 0.092 97.250
99  0.035 98.954 0.091 97.470 0.092 97.250
100  0.035 98.948 0.090 97.530 0.092 97.250
101  0.034 98.962 0.091 97.520 0.092 97.250
102  0.034 98.976 0.090 97.510 0.092 97.250
103  0.034 98.956 0.091 97.460 0.092 97.250
104  0.034 98.986 0.091 97.450 0.092 97.250
105  0.034 98.972 0.091 97.470 0.092 97.250
106  0.034 98.994 0.090 97.490 0.092 97.250
107  0.033 99.002 0.091 97.450 0.092 97.250
108  0.033 98.996 0.090 97.510 0.092 97.250
109  0.033 98.998 0.090 97.510 0.092 97.250
110  0.033 99.016 0.090 97.460 0.092 97.250
111  0.033 99.016 0.091 97.520 0.092 97.250
112  0.032 99.044 0.090 97.480 0.092 97.250
113  0.032 99.046 0.091 97.470 0.092 97.250
114  0.032 99.012 0.090 97.500 0.092 97.250
115  0.032 99.036 0.090 97.490 0.092 97.250
116  0.032 99.046 0.090 97.510 0.092 97.250
117  0.032 99.058 0.090 97.500 0.092 97.250
118  0.031 99.076 0.090 97.480 0.092 97.250
119  0.031 99.068 0.090 97.480 0.092 97.250
120  0.031 99.090 0.090 97.510 0.092 97.250
121  0.031 99.094 0.090 97.500 0.092 97.250
122  0.031 99.094 0.090 97.530 0.092 97.250
123  0.031 99.096 0.090 97.550 0.088 97.500
124  0.031 99.114 0.090 97.500 0.088 97.500
125  0.030 99.130 0.090 97.490 0.088 97.500
126  0.030 99.106 0.090 97.540 0.088 97.500
127  0.030 99.146 0.090 97.470 0.088 97.500
128  0.030 99.150 0.090 97.510 0.088 97.500
129  0.030 99.140 0.090 97.490 0.088 97.500
130  0.030 99.160 0.090 97.560 0.087 97.580
131  0.029 99.156 0.090 97.480 0.087 97.580
132  0.029 99.162 0.089 97.500 0.087 97.580
133  0.029 99.180 0.089 97.540 0.087 97.580
134  0.029 99.168 0.089 97.600 0.087 97.610
135  0.029 99.166 0.089 97.550 0.087 97.610
136  0.029 99.182 0.089 97.550 0.087 97.610
137  0.029 99.164 0.089 97.570 0.087 97.610
138  0.028 99.204 0.089 97.500 0.087 97.610
139  0.028 99.206 0.090 97.430 0.087 97.610
140  0.028 99.202 0.089 97.540 0.087 97.610
141  0.028 99.208 0.089 97.550 0.087 97.610
142  0.028 99.220 0.089 97.550 0.087 97.610
143  0.028 99.246 0.089 97.500 0.087 97.610
144  0.028 99.236 0.090 97.500 0.087 97.610
145  0.027 99.220 0.090 97.510 0.087 97.610
146  0.027 99.222 0.090 97.550 0.087 97.610
147  0.027 99.254 0.089 97.540 0.087 97.610
148  0.027 99.242 0.090 97.560 0.087 97.610
149  0.027 99.248 0.089 97.530 0.087 97.610
150  0.027 99.258 0.090 97.530 0.087 97.610
151  0.027 99.262 0.089 97.580 0.087 97.610
152  0.026 99.264 0.089 97.580 0.087 97.610
153  0.026 99.260 0.090 97.550 0.087 97.610
154  0.026 99.282 0.090 97.560 0.087 97.610
155  0.026 99.274 0.089 97.580 0.087 97.610
156  0.026 99.296 0.089 97.570 0.087 97.610
157  0.026 99.292 0.089 97.600 0.087 97.610
158  0.026 99.292 0.090 97.540 0.087 97.610
159  0.026 99.312 0.089 97.610 0.087 97.630
160  0.025 99.298 0.089 97.600 0.087 97.630
161  0.025 99.282 0.089 97.580 0.087 97.630
162  0.025 99.304 0.090 97.620 0.087 97.620
163  0.025 99.306 0.089 97.580 0.087 97.620
164  0.025 99.318 0.090 97.580 0.087 97.620
165  0.025 99.332 0.089 97.540 0.087 97.620
166  0.025 99.320 0.090 97.620 0.087 97.620
167  0.025 99.336 0.089 97.610 0.087 97.620
168  0.024 99.318 0.090 97.550 0.087 97.620
169  0.024 99.346 0.089 97.580 0.087 97.620
170  0.024 99.344 0.089 97.570 0.087 97.620
171  0.024 99.346 0.089 97.580 0.087 97.620
172  0.024 99.358 0.090 97.600 0.087 97.620
173  0.024 99.372 0.089 97.600 0.087 97.620
174  0.024 99.368 0.090 97.590 0.087 97.620
175  0.023 99.352 0.089 97.610 0.087 97.620
176  0.023 99.358 0.089 97.580 0.087 97.620
177  0.023 99.370 0.089 97.620 0.087 97.620
178  0.023 99.364 0.090 97.610 0.087 97.620
179  0.023 99.378 0.089 97.560 0.087 97.620
180  0.023 99.382 0.089 97.610 0.087 97.620
181  0.023 99.380 0.089 97.650 0.087 97.620
182  0.023 99.380 0.090 97.600 0.087 97.620
183  0.023 99.392 0.089 97.610 0.087 97.620
184  0.023 99.406 0.089 97.640 0.087 97.620
185  0.022 99.416 0.090 97.580 0.087 97.620
186  0.022 99.406 0.089 97.590 0.087 97.620
187  0.022 99.426 0.090 97.580 0.087 97.620
188  0.022 99.416 0.089 97.580 0.087 97.620
189  0.022 99.418 0.089 97.610 0.087 97.620
190  0.022 99.446 0.090 97.600 0.087 97.620
191  0.022 99.440 0.090 97.620 0.087 97.620
192  0.022 99.420 0.089 97.600 0.087 97.620
193  0.022 99.434 0.090 97.580 0.087 97.620
194  0.022 99.454 0.090 97.640 0.087 97.620
195  0.021 99.452 0.089 97.620 0.087 97.620
196  0.021 99.454 0.089 97.620 0.087 97.620
197  0.021 99.454 0.090 97.610 0.087 97.620
198  0.021 99.448 0.089 97.580 0.087 97.620
199  0.021 99.464 0.090 97.590 0.087 97.620
