0  0.503 90.744 0.198 95.740 0.207 95.320
1  0.162 96.610 0.156 96.150 0.163 95.760
2  0.130 96.982 0.139 96.280 0.145 95.990
3  0.114 97.194 0.129 96.470 0.135 96.090
4  0.103 97.412 0.123 96.550 0.128 96.170
5  0.096 97.496 0.118 96.650 0.123 96.320
6  0.090 97.604 0.115 96.690 0.119 96.460
7  0.086 97.676 0.112 96.800 0.116 96.520
8  0.082 97.718 0.110 96.840 0.113 96.530
9  0.079 97.784 0.108 96.890 0.111 96.610
10  0.076 97.834 0.107 96.870 0.111 96.610
11  0.074 97.886 0.106 96.910 0.108 96.640
12  0.071 97.912 0.104 96.920 0.106 96.740
13  0.069 97.970 0.104 96.970 0.105 96.750
14  0.067 98.018 0.103 97.000 0.103 96.780
15  0.066 98.036 0.102 97.050 0.102 96.820
16  0.064 98.104 0.100 97.090 0.101 96.930
17  0.063 98.136 0.100 97.020 0.101 96.930
18  0.061 98.186 0.099 97.120 0.099 96.920
19  0.060 98.188 0.098 97.180 0.098 96.990
20  0.059 98.248 0.098 97.120 0.098 96.990
21  0.057 98.262 0.097 97.110 0.098 96.990
22  0.056 98.296 0.096 97.190 0.096 97.110
23  0.055 98.334 0.095 97.230 0.096 97.090
24  0.054 98.370 0.096 97.190 0.096 97.090
25  0.053 98.402 0.095 97.300 0.095 97.110
26  0.052 98.446 0.094 97.240 0.095 97.110
27  0.051 98.476 0.094 97.270 0.095 97.110
28  0.050 98.482 0.094 97.270 0.095 97.110
29  0.050 98.494 0.093 97.330 0.093 97.160
30  0.049 98.542 0.093 97.350 0.093 97.220
31  0.048 98.570 0.093 97.310 0.093 97.220
32  0.048 98.574 0.093 97.340 0.093 97.220
33  0.047 98.608 0.092 97.340 0.093 97.220
34  0.046 98.638 0.092 97.380 0.091 97.310
35  0.046 98.650 0.091 97.420 0.091 97.350
36  0.045 98.660 0.092 97.390 0.091 97.350
37  0.044 98.702 0.092 97.470 0.091 97.290
38  0.044 98.708 0.092 97.370 0.091 97.290
39  0.043 98.716 0.091 97.410 0.091 97.290
40  0.043 98.748 0.091 97.400 0.091 97.290
41  0.043 98.762 0.091 97.460 0.091 97.290
42  0.042 98.768 0.091 97.360 0.091 97.290
43  0.042 98.786 0.091 97.390 0.091 97.290
44  0.041 98.784 0.091 97.390 0.091 97.290
45  0.041 98.810 0.090 97.410 0.091 97.290
46  0.040 98.798 0.090 97.370 0.091 97.290
47  0.040 98.828 0.091 97.470 0.091 97.290
48  0.040 98.844 0.090 97.470 0.089 97.430
49  0.039 98.856 0.090 97.460 0.089 97.430
50  0.039 98.842 0.090 97.420 0.089 97.430
51  0.039 98.886 0.090 97.490 0.088 97.440
52  0.038 98.890 0.089 97.480 0.088 97.440
53  0.038 98.906 0.090 97.480 0.088 97.440
54  0.038 98.882 0.090 97.490 0.088 97.480
55  0.037 98.924 0.090 97.440 0.088 97.480
56  0.037 98.934 0.091 97.480 0.088 97.480
57  0.037 98.926 0.090 97.430 0.088 97.480
58  0.036 98.948 0.090 97.500 0.088 97.480
59  0.036 98.934 0.089 97.520 0.087 97.550
60  0.036 98.956 0.089 97.490 0.087 97.550
61  0.035 98.966 0.089 97.530 0.087 97.510
62  0.035 98.992 0.090 97.420 0.087 97.510
63  0.035 98.982 0.089 97.440 0.087 97.510
64  0.035 99.028 0.089 97.500 0.087 97.510
65  0.034 99.018 0.089 97.520 0.087 97.510
66  0.034 99.002 0.089 97.510 0.087 97.510
67  0.034 99.014 0.089 97.500 0.087 97.510
68  0.034 99.022 0.089 97.430 0.087 97.510
69  0.033 99.038 0.089 97.490 0.087 97.510
70  0.033 99.046 0.089 97.510 0.087 97.510
71  0.033 99.040 0.089 97.480 0.087 97.510
72  0.033 99.062 0.089 97.470 0.087 97.510
73  0.032 99.084 0.089 97.480 0.087 97.510
74  0.032 99.088 0.089 97.470 0.087 97.510
75  0.032 99.092 0.089 97.540 0.086 97.640
76  0.032 99.104 0.089 97.500 0.086 97.640
77  0.031 99.074 0.089 97.480 0.086 97.640
78  0.031 99.114 0.089 97.530 0.086 97.640
79  0.031 99.128 0.089 97.440 0.086 97.640
80  0.031 99.120 0.089 97.510 0.086 97.640
81  0.031 99.140 0.089 97.510 0.086 97.640
82  0.030 99.144 0.089 97.510 0.086 97.640
83  0.030 99.152 0.089 97.470 0.086 97.640
84  0.030 99.164 0.089 97.560 0.085 97.630
85  0.030 99.176 0.089 97.510 0.085 97.630
86  0.029 99.170 0.089 97.570 0.085 97.670
87  0.029 99.192 0.089 97.510 0.085 97.670
88  0.029 99.204 0.089 97.530 0.085 97.670
89  0.029 99.194 0.089 97.550 0.085 97.670
90  0.029 99.196 0.089 97.540 0.085 97.670
91  0.028 99.178 0.089 97.550 0.085 97.670
92  0.028 99.214 0.090 97.560 0.085 97.670
93  0.028 99.208 0.089 97.570 0.085 97.670
94  0.028 99.226 0.089 97.550 0.085 97.670
95  0.028 99.254 0.089 97.580 0.086 97.660
96  0.027 99.250 0.089 97.550 0.086 97.660
97  0.027 99.254 0.089 97.520 0.086 97.660
98  0.027 99.264 0.089 97.560 0.086 97.660
99  0.027 99.250 0.089 97.630 0.085 97.700
100  0.027 99.256 0.089 97.530 0.085 97.700
101  0.026 99.268 0.089 97.560 0.085 97.700
102  0.026 99.266 0.089 97.550 0.085 97.700
103  0.026 99.278 0.089 97.630 0.085 97.700
104  0.026 99.300 0.089 97.580 0.085 97.700
105  0.026 99.298 0.089 97.550 0.085 97.700
106  0.026 99.304 0.089 97.600 0.085 97.700
107  0.025 99.296 0.089 97.560 0.085 97.700
108  0.025 99.316 0.089 97.590 0.085 97.700
109  0.025 99.322 0.089 97.590 0.085 97.700
110  0.025 99.316 0.089 97.600 0.085 97.700
111  0.025 99.328 0.089 97.600 0.085 97.700
112  0.025 99.336 0.089 97.560 0.085 97.700
113  0.024 99.338 0.089 97.520 0.085 97.700
114  0.024 99.356 0.089 97.590 0.085 97.700
115  0.024 99.366 0.089 97.570 0.085 97.700
116  0.024 99.342 0.089 97.540 0.085 97.700
117  0.024 99.358 0.089 97.570 0.085 97.700
118  0.024 99.372 0.089 97.540 0.085 97.700
119  0.023 99.376 0.089 97.540 0.085 97.700
120  0.023 99.384 0.089 97.570 0.085 97.700
121  0.023 99.392 0.089 97.590 0.085 97.700
122  0.023 99.388 0.089 97.610 0.085 97.700
123  0.023 99.388 0.089 97.620 0.085 97.700
124  0.023 99.412 0.089 97.570 0.085 97.700
125  0.023 99.402 0.089 97.600 0.085 97.700
126  0.022 99.420 0.089 97.590 0.085 97.700
127  0.022 99.420 0.090 97.570 0.085 97.700
128  0.022 99.434 0.090 97.620 0.085 97.700
129  0.022 99.452 0.089 97.620 0.085 97.700
130  0.022 99.438 0.089 97.620 0.085 97.700
131  0.022 99.454 0.089 97.570 0.085 97.700
132  0.022 99.466 0.089 97.600 0.085 97.700
133  0.021 99.456 0.090 97.590 0.085 97.700
134  0.021 99.448 0.089 97.680 0.084 97.790
135  0.021 99.444 0.089 97.590 0.084 97.790
136  0.021 99.486 0.090 97.670 0.084 97.790
137  0.021 99.462 0.089 97.630 0.084 97.790
138  0.021 99.470 0.089 97.630 0.084 97.790
139  0.021 99.478 0.090 97.590 0.084 97.790
140  0.021 99.490 0.090 97.610 0.084 97.790
141  0.020 99.478 0.090 97.650 0.084 97.790
142  0.020 99.502 0.090 97.660 0.084 97.790
143  0.020 99.518 0.090 97.690 0.084 97.730
144  0.020 99.506 0.090 97.620 0.084 97.730
145  0.020 99.522 0.090 97.680 0.084 97.730
146  0.020 99.532 0.090 97.700 0.084 97.730
147  0.020 99.520 0.090 97.680 0.084 97.730
148  0.019 99.526 0.090 97.650 0.084 97.730
149  0.019 99.534 0.090 97.650 0.084 97.730
150  0.019 99.552 0.090 97.670 0.084 97.730
151  0.019 99.542 0.090 97.640 0.084 97.730
152  0.019 99.550 0.091 97.650 0.084 97.730
153  0.019 99.558 0.090 97.620 0.084 97.730
154  0.019 99.562 0.090 97.710 0.084 97.720
155  0.019 99.562 0.091 97.640 0.084 97.720
156  0.018 99.560 0.090 97.610 0.084 97.720
157  0.018 99.564 0.091 97.650 0.084 97.720
158  0.018 99.574 0.090 97.660 0.084 97.720
159  0.018 99.580 0.091 97.620 0.084 97.720
160  0.018 99.580 0.090 97.610 0.084 97.720
161  0.018 99.592 0.091 97.690 0.084 97.720
162  0.018 99.584 0.091 97.670 0.084 97.720
163  0.018 99.594 0.091 97.670 0.084 97.720
164  0.018 99.608 0.091 97.720 0.085 97.740
165  0.018 99.588 0.091 97.670 0.085 97.740
166  0.017 99.612 0.091 97.670 0.085 97.740
167  0.017 99.608 0.091 97.670 0.085 97.740
168  0.017 99.598 0.091 97.640 0.085 97.740
169  0.017 99.614 0.091 97.670 0.085 97.740
170  0.017 99.616 0.091 97.720 0.085 97.740
171  0.017 99.626 0.091 97.690 0.085 97.740
172  0.017 99.614 0.091 97.650 0.085 97.740
173  0.017 99.626 0.091 97.700 0.085 97.740
174  0.017 99.646 0.092 97.680 0.085 97.740
175  0.016 99.660 0.091 97.650 0.085 97.740
176  0.016 99.652 0.091 97.700 0.085 97.740
177  0.016 99.644 0.091 97.700 0.085 97.740
178  0.016 99.660 0.091 97.690 0.085 97.740
179  0.016 99.652 0.091 97.700 0.085 97.740
180  0.016 99.660 0.092 97.620 0.085 97.740
181  0.016 99.638 0.092 97.680 0.085 97.740
182  0.016 99.654 0.092 97.690 0.085 97.740
183  0.016 99.658 0.091 97.690 0.085 97.740
184  0.016 99.674 0.092 97.690 0.085 97.740
185  0.015 99.676 0.092 97.700 0.085 97.740
186  0.015 99.694 0.092 97.730 0.085 97.680
187  0.015 99.682 0.092 97.680 0.085 97.680
188  0.015 99.702 0.092 97.720 0.085 97.680
189  0.015 99.696 0.092 97.690 0.085 97.680
190  0.015 99.700 0.092 97.720 0.085 97.680
191  0.015 99.702 0.092 97.710 0.085 97.680
192  0.015 99.704 0.092 97.730 0.085 97.680
193  0.015 99.696 0.092 97.700 0.085 97.680
194  0.015 99.714 0.092 97.710 0.085 97.680
195  0.015 99.728 0.092 97.710 0.085 97.680
196  0.014 99.722 0.092 97.720 0.085 97.680
197  0.014 99.734 0.092 97.720 0.085 97.680
198  0.014 99.722 0.093 97.730 0.086 97.710
199  0.014 99.718 0.092 97.700 0.086 97.710
