0  0.565 90.538 0.228 95.550 0.236 94.900
1  0.188 96.230 0.175 95.970 0.181 95.540
2  0.148 96.658 0.153 96.220 0.160 95.750
3  0.129 96.946 0.141 96.350 0.147 95.930
4  0.116 97.140 0.134 96.400 0.139 96.030
5  0.107 97.264 0.128 96.470 0.132 96.200
6  0.101 97.396 0.124 96.590 0.128 96.270
7  0.096 97.424 0.121 96.650 0.124 96.310
8  0.091 97.496 0.118 96.660 0.121 96.420
9  0.088 97.562 0.116 96.660 0.121 96.420
10  0.085 97.604 0.114 96.710 0.116 96.590
11  0.082 97.664 0.113 96.720 0.114 96.430
12  0.079 97.740 0.111 96.760 0.113 96.620
13  0.077 97.760 0.110 96.870 0.111 96.700
14  0.075 97.854 0.108 96.820 0.111 96.700
15  0.073 97.854 0.107 96.860 0.111 96.700
16  0.072 97.904 0.106 96.900 0.107 96.760
17  0.070 97.964 0.106 96.960 0.106 96.790
18  0.069 97.962 0.105 96.950 0.106 96.790
19  0.067 98.014 0.103 96.940 0.106 96.790
20  0.066 98.054 0.104 96.970 0.103 96.910
21  0.065 98.080 0.103 97.030 0.102 96.940
22  0.063 98.126 0.102 97.110 0.102 96.950
23  0.063 98.128 0.101 97.020 0.102 96.950
24  0.061 98.194 0.101 97.140 0.100 97.040
25  0.060 98.202 0.100 97.260 0.100 97.040
26  0.059 98.210 0.100 97.180 0.100 97.040
27  0.058 98.252 0.100 97.150 0.100 97.040
28  0.057 98.272 0.098 97.290 0.097 97.100
29  0.056 98.294 0.098 97.170 0.097 97.100
30  0.056 98.302 0.097 97.230 0.097 97.100
31  0.055 98.346 0.097 97.300 0.095 97.150
32  0.054 98.342 0.096 97.310 0.095 97.160
33  0.053 98.406 0.097 97.270 0.095 97.160
34  0.052 98.392 0.096 97.260 0.095 97.160
35  0.051 98.418 0.096 97.270 0.095 97.160
36  0.051 98.454 0.095 97.310 0.095 97.160
37  0.050 98.494 0.095 97.330 0.092 97.250
38  0.049 98.496 0.094 97.380 0.092 97.250
39  0.049 98.514 0.094 97.290 0.092 97.250
40  0.048 98.550 0.094 97.390 0.091 97.310
41  0.048 98.582 0.093 97.360 0.091 97.310
42  0.047 98.584 0.093 97.420 0.091 97.310
43  0.046 98.636 0.093 97.370 0.091 97.310
44  0.046 98.610 0.092 97.410 0.091 97.310
45  0.045 98.644 0.092 97.400 0.091 97.310
46  0.045 98.656 0.092 97.460 0.090 97.440
47  0.044 98.690 0.092 97.420 0.090 97.440
48  0.044 98.702 0.091 97.460 0.090 97.440
49  0.043 98.726 0.092 97.460 0.090 97.440
50  0.043 98.722 0.091 97.420 0.090 97.440
51  0.043 98.758 0.091 97.470 0.089 97.490
52  0.042 98.774 0.091 97.500 0.088 97.520
53  0.042 98.796 0.091 97.440 0.088 97.520
54  0.041 98.818 0.090 97.460 0.088 97.520
55  0.041 98.822 0.090 97.450 0.088 97.520
56  0.040 98.820 0.090 97.450 0.088 97.520
57  0.040 98.834 0.090 97.490 0.088 97.520
58  0.040 98.866 0.090 97.440 0.088 97.520
59  0.039 98.856 0.090 97.380 0.088 97.520
60  0.039 98.890 0.090 97.480 0.088 97.520
61  0.039 98.902 0.089 97.430 0.088 97.520
62  0.038 98.918 0.090 97.470 0.088 97.520
63  0.038 98.914 0.090 97.520 0.086 97.540
64  0.038 98.940 0.089 97.410 0.086 97.540
65  0.037 98.934 0.089 97.500 0.086 97.540
66  0.037 98.944 0.089 97.580 0.086 97.550
67  0.037 98.970 0.089 97.500 0.086 97.550
68  0.036 98.986 0.089 97.550 0.086 97.550
69  0.036 98.984 0.089 97.500 0.086 97.550
70  0.036 98.992 0.089 97.580 0.086 97.550
71  0.035 98.996 0.088 97.550 0.086 97.550
72  0.035 99.012 0.088 97.490 0.086 97.550
73  0.035 99.026 0.088 97.560 0.086 97.550
74  0.034 99.034 0.088 97.500 0.086 97.550
75  0.034 99.038 0.089 97.530 0.086 97.550
76  0.034 99.040 0.088 97.560 0.086 97.550
77  0.034 99.076 0.088 97.510 0.086 97.550
78  0.033 99.072 0.088 97.470 0.086 97.550
79  0.033 99.102 0.088 97.500 0.086 97.550
80  0.033 99.088 0.088 97.530 0.086 97.550
81  0.033 99.100 0.087 97.550 0.086 97.550
82  0.032 99.096 0.088 97.580 0.084 97.610
83  0.032 99.112 0.087 97.510 0.084 97.610
84  0.032 99.118 0.088 97.480 0.084 97.610
85  0.032 99.154 0.088 97.520 0.084 97.610
86  0.031 99.134 0.087 97.530 0.084 97.610
87  0.031 99.148 0.087 97.530 0.084 97.610
88  0.031 99.162 0.088 97.520 0.084 97.610
89  0.031 99.172 0.087 97.530 0.084 97.610
90  0.030 99.164 0.087 97.560 0.084 97.610
91  0.030 99.182 0.087 97.550 0.084 97.610
92  0.030 99.192 0.087 97.570 0.084 97.610
93  0.030 99.182 0.087 97.550 0.084 97.610
94  0.029 99.208 0.087 97.540 0.084 97.610
95  0.029 99.234 0.087 97.570 0.084 97.610
96  0.029 99.208 0.087 97.590 0.083 97.640
97  0.029 99.214 0.087 97.550 0.083 97.640
98  0.028 99.260 0.086 97.580 0.083 97.640
99  0.028 99.242 0.087 97.570 0.083 97.640
100  0.028 99.238 0.087 97.540 0.083 97.640
101  0.028 99.256 0.087 97.600 0.083 97.640
102  0.028 99.262 0.087 97.570 0.083 97.640
103  0.027 99.256 0.087 97.570 0.083 97.640
104  0.027 99.270 0.087 97.620 0.083 97.670
105  0.027 99.282 0.087 97.620 0.083 97.670
106  0.027 99.300 0.087 97.620 0.083 97.670
107  0.027 99.292 0.087 97.640 0.082 97.660
108  0.026 99.296 0.087 97.600 0.082 97.660
109  0.026 99.302 0.087 97.580 0.082 97.660
110  0.026 99.314 0.087 97.580 0.082 97.660
111  0.026 99.324 0.087 97.590 0.082 97.660
112  0.026 99.316 0.087 97.590 0.082 97.660
113  0.025 99.342 0.086 97.630 0.082 97.660
114  0.025 99.330 0.087 97.570 0.082 97.660
115  0.025 99.346 0.087 97.590 0.082 97.660
116  0.025 99.338 0.087 97.650 0.082 97.740
117  0.025 99.358 0.087 97.640 0.082 97.740
118  0.025 99.354 0.087 97.620 0.082 97.740
119  0.024 99.364 0.087 97.620 0.082 97.740
120  0.024 99.366 0.087 97.580 0.082 97.740
121  0.024 99.374 0.087 97.600 0.082 97.740
122  0.024 99.382 0.087 97.660 0.082 97.630
123  0.024 99.366 0.087 97.580 0.082 97.630
124  0.023 99.390 0.087 97.610 0.082 97.630
125  0.023 99.404 0.087 97.560 0.082 97.630
126  0.023 99.400 0.087 97.600 0.082 97.630
127  0.023 99.428 0.087 97.620 0.082 97.630
128  0.023 99.412 0.087 97.670 0.082 97.710
129  0.023 99.408 0.087 97.660 0.082 97.710
130  0.022 99.420 0.087 97.690 0.082 97.720
131  0.022 99.440 0.087 97.660 0.082 97.720
132  0.022 99.450 0.087 97.630 0.082 97.720
133  0.022 99.440 0.087 97.640 0.082 97.720
134  0.022 99.462 0.087 97.650 0.082 97.720
135  0.022 99.454 0.087 97.660 0.082 97.720
136  0.022 99.458 0.087 97.670 0.082 97.720
137  0.021 99.486 0.087 97.670 0.082 97.720
138  0.021 99.488 0.087 97.690 0.082 97.720
139  0.021 99.484 0.087 97.680 0.082 97.720
140  0.021 99.506 0.087 97.680 0.082 97.720
141  0.021 99.482 0.087 97.690 0.082 97.720
142  0.021 99.496 0.087 97.670 0.082 97.720
143  0.021 99.496 0.087 97.660 0.082 97.720
144  0.020 99.510 0.087 97.650 0.082 97.720
145  0.020 99.526 0.087 97.680 0.082 97.720
146  0.020 99.526 0.088 97.690 0.082 97.730
147  0.020 99.528 0.087 97.660 0.082 97.730
148  0.020 99.524 0.087 97.730 0.082 97.820
149  0.020 99.542 0.088 97.680 0.082 97.820
150  0.020 99.536 0.087 97.710 0.082 97.820
151  0.019 99.540 0.088 97.690 0.082 97.820
152  0.019 99.560 0.088 97.720 0.082 97.820
153  0.019 99.556 0.088 97.710 0.082 97.820
154  0.019 99.562 0.088 97.730 0.083 97.820
155  0.019 99.554 0.087 97.690 0.083 97.820
156  0.019 99.568 0.088 97.750 0.081 97.760
157  0.019 99.578 0.087 97.700 0.081 97.760
158  0.019 99.600 0.088 97.670 0.081 97.760
159  0.018 99.578 0.087 97.700 0.081 97.760
160  0.018 99.584 0.088 97.680 0.081 97.760
161  0.018 99.574 0.088 97.690 0.081 97.760
162  0.018 99.608 0.088 97.700 0.081 97.760
163  0.018 99.606 0.088 97.700 0.081 97.760
164  0.018 99.600 0.088 97.700 0.081 97.760
165  0.018 99.608 0.088 97.710 0.081 97.760
166  0.018 99.612 0.088 97.710 0.081 97.760
167  0.017 99.620 0.088 97.730 0.081 97.760
168  0.017 99.594 0.088 97.730 0.081 97.760
169  0.017 99.630 0.088 97.710 0.081 97.760
170  0.017 99.634 0.088 97.710 0.081 97.760
171  0.017 99.632 0.089 97.710 0.081 97.760
172  0.017 99.634 0.088 97.700 0.081 97.760
173  0.017 99.634 0.088 97.730 0.081 97.760
174  0.017 99.654 0.088 97.720 0.081 97.760
175  0.017 99.660 0.089 97.690 0.081 97.760
176  0.016 99.644 0.088 97.770 0.082 97.810
177  0.016 99.660 0.089 97.740 0.082 97.810
178  0.016 99.656 0.089 97.680 0.082 97.810
179  0.016 99.674 0.088 97.730 0.082 97.810
180  0.016 99.666 0.089 97.700 0.082 97.810
181  0.016 99.670 0.089 97.700 0.082 97.810
182  0.016 99.672 0.089 97.720 0.082 97.810
183  0.016 99.704 0.089 97.730 0.082 97.810
184  0.016 99.672 0.089 97.760 0.082 97.810
185  0.016 99.686 0.089 97.770 0.082 97.810
186  0.015 99.694 0.090 97.720 0.082 97.810
187  0.015 99.700 0.090 97.750 0.082 97.810
188  0.015 99.704 0.089 97.710 0.082 97.810
189  0.015 99.700 0.089 97.730 0.082 97.810
190  0.015 99.690 0.089 97.750 0.082 97.810
191  0.015 99.728 0.089 97.710 0.082 97.810
192  0.015 99.718 0.089 97.790 0.083 97.790
193  0.015 99.712 0.090 97.730 0.083 97.790
194  0.015 99.712 0.090 97.750 0.083 97.790
195  0.015 99.726 0.090 97.710 0.083 97.790
196  0.014 99.734 0.090 97.710 0.083 97.790
197  0.014 99.732 0.090 97.690 0.083 97.790
198  0.014 99.734 0.090 97.740 0.083 97.790
199  0.014 99.746 0.090 97.760 0.083 97.790
