0  0.504 92.170 0.201 95.820 0.210 95.420
1  0.165 96.578 0.159 96.080 0.166 95.700
2  0.132 96.956 0.141 96.400 0.148 95.900
3  0.116 97.178 0.131 96.500 0.137 96.010
4  0.105 97.308 0.125 96.480 0.137 96.010
5  0.098 97.464 0.120 96.660 0.126 96.280
6  0.092 97.542 0.118 96.650 0.126 96.280
7  0.088 97.622 0.115 96.710 0.119 96.390
8  0.084 97.704 0.113 96.810 0.117 96.530
9  0.081 97.744 0.112 96.780 0.117 96.530
10  0.079 97.752 0.110 96.840 0.112 96.420
11  0.076 97.820 0.109 96.940 0.111 96.430
12  0.074 97.838 0.107 96.910 0.111 96.430
13  0.073 97.846 0.107 96.960 0.108 96.660
14  0.071 97.892 0.106 97.010 0.107 96.660
15  0.070 97.902 0.105 96.980 0.107 96.660
16  0.068 97.950 0.104 96.980 0.107 96.660
17  0.067 97.996 0.105 97.030 0.105 96.710
18  0.066 97.988 0.103 97.020 0.105 96.710
19  0.065 98.004 0.103 97.090 0.103 96.770
20  0.064 98.048 0.103 97.140 0.103 96.830
21  0.063 98.076 0.103 97.030 0.103 96.830
22  0.062 98.068 0.102 97.110 0.103 96.830
23  0.061 98.078 0.102 97.180 0.101 96.890
24  0.060 98.090 0.101 97.250 0.101 96.890
25  0.059 98.128 0.101 97.120 0.101 96.890
26  0.059 98.156 0.100 97.290 0.100 96.930
27  0.058 98.186 0.100 97.230 0.100 96.930
28  0.057 98.222 0.100 97.180 0.100 96.930
29  0.056 98.222 0.099 97.240 0.100 96.930
30  0.056 98.234 0.099 97.230 0.100 96.930
31  0.055 98.268 0.099 97.180 0.100 96.930
32  0.054 98.268 0.099 97.260 0.100 96.930
33  0.054 98.290 0.098 97.310 0.097 97.060
34  0.053 98.306 0.099 97.260 0.097 97.060
35  0.053 98.352 0.098 97.270 0.097 97.060
36  0.052 98.356 0.098 97.230 0.097 97.060
37  0.052 98.358 0.098 97.300 0.097 97.060
38  0.051 98.346 0.097 97.300 0.097 97.060
39  0.050 98.390 0.097 97.260 0.097 97.060
40  0.050 98.414 0.097 97.320 0.095 97.080
41  0.049 98.428 0.097 97.240 0.095 97.080
42  0.049 98.456 0.096 97.260 0.095 97.080
43  0.048 98.452 0.096 97.320 0.095 97.080
44  0.048 98.448 0.096 97.360 0.094 97.240
45  0.047 98.514 0.096 97.280 0.094 97.240
46  0.047 98.534 0.095 97.300 0.094 97.240
47  0.047 98.516 0.095 97.330 0.094 97.240
48  0.046 98.574 0.095 97.360 0.094 97.240
49  0.046 98.560 0.095 97.350 0.094 97.240
50  0.045 98.578 0.095 97.330 0.094 97.240
51  0.045 98.580 0.094 97.350 0.094 97.240
52  0.044 98.588 0.094 97.400 0.092 97.250
53  0.044 98.626 0.094 97.320 0.092 97.250
54  0.044 98.628 0.094 97.310 0.092 97.250
55  0.043 98.662 0.094 97.380 0.092 97.250
56  0.043 98.662 0.095 97.350 0.092 97.250
57  0.043 98.644 0.093 97.380 0.092 97.250
58  0.042 98.696 0.094 97.380 0.092 97.250
59  0.042 98.714 0.094 97.390 0.092 97.250
60  0.041 98.724 0.093 97.420 0.091 97.260
61  0.041 98.730 0.093 97.420 0.091 97.270
62  0.041 98.766 0.093 97.410 0.091 97.270
63  0.041 98.740 0.093 97.470 0.091 97.280
64  0.040 98.754 0.092 97.460 0.091 97.280
65  0.040 98.772 0.093 97.410 0.091 97.280
66  0.040 98.768 0.093 97.450 0.091 97.280
67  0.039 98.790 0.093 97.430 0.091 97.280
68  0.039 98.806 0.092 97.430 0.091 97.280
69  0.039 98.804 0.093 97.460 0.091 97.280
70  0.039 98.818 0.092 97.510 0.089 97.320
71  0.038 98.848 0.093 97.470 0.089 97.320
72  0.038 98.868 0.092 97.540 0.090 97.330
73  0.038 98.846 0.092 97.450 0.090 97.330
74  0.037 98.858 0.092 97.480 0.090 97.330
75  0.037 98.854 0.092 97.490 0.090 97.330
76  0.037 98.882 0.093 97.470 0.090 97.330
77  0.037 98.884 0.092 97.480 0.090 97.330
78  0.036 98.908 0.092 97.510 0.090 97.330
79  0.036 98.912 0.092 97.540 0.090 97.330
80  0.036 98.902 0.093 97.490 0.090 97.330
81  0.036 98.934 0.093 97.440 0.090 97.330
82  0.036 98.928 0.092 97.500 0.090 97.330
83  0.035 98.954 0.092 97.500 0.090 97.330
84  0.035 98.934 0.092 97.500 0.090 97.330
85  0.035 98.962 0.092 97.490 0.090 97.330
86  0.035 98.962 0.092 97.520 0.090 97.330
87  0.034 98.982 0.092 97.530 0.090 97.330
88  0.034 98.968 0.092 97.490 0.090 97.330
89  0.034 98.984 0.091 97.590 0.089 97.500
90  0.034 98.992 0.092 97.520 0.089 97.500
91  0.034 98.996 0.092 97.540 0.089 97.500
92  0.034 99.004 0.091 97.520 0.089 97.500
93  0.033 99.000 0.092 97.550 0.089 97.500
94  0.033 99.022 0.092 97.570 0.089 97.500
95  0.033 99.028 0.092 97.540 0.089 97.500
96  0.033 99.050 0.092 97.580 0.089 97.500
97  0.033 99.044 0.092 97.600 0.088 97.560
98  0.032 99.034 0.092 97.550 0.088 97.560
99  0.032 99.074 0.092 97.580 0.088 97.560
100  0.032 99.066 0.092 97.530 0.088 97.560
101  0.032 99.086 0.092 97.470 0.088 97.560
102  0.032 99.058 0.092 97.570 0.088 97.560
103  0.032 99.060 0.092 97.560 0.088 97.560
104  0.031 99.088 0.092 97.530 0.088 97.560
105  0.031 99.082 0.092 97.590 0.088 97.560
106  0.031 99.082 0.092 97.560 0.088 97.560
107  0.031 99.096 0.092 97.540 0.088 97.560
108  0.031 99.088 0.091 97.580 0.088 97.560
109  0.031 99.102 0.092 97.540 0.088 97.560
110  0.030 99.124 0.091 97.540 0.088 97.560
111  0.030 99.120 0.092 97.600 0.088 97.560
112  0.030 99.110 0.092 97.560 0.088 97.560
113  0.030 99.142 0.093 97.490 0.088 97.560
114  0.030 99.144 0.091 97.550 0.088 97.560
115  0.030 99.138 0.092 97.570 0.088 97.560
116  0.029 99.152 0.092 97.530 0.088 97.560
117  0.029 99.146 0.092 97.560 0.088 97.560
118  0.029 99.164 0.092 97.610 0.088 97.520
119  0.029 99.154 0.092 97.600 0.088 97.520
120  0.029 99.172 0.091 97.610 0.087 97.590
121  0.029 99.156 0.092 97.600 0.087 97.590
122  0.029 99.150 0.091 97.590 0.087 97.590
123  0.028 99.162 0.092 97.580 0.087 97.590
124  0.028 99.204 0.092 97.580 0.087 97.590
125  0.028 99.200 0.092 97.600 0.087 97.590
126  0.028 99.204 0.092 97.550 0.087 97.590
127  0.028 99.196 0.092 97.550 0.087 97.590
128  0.028 99.206 0.092 97.560 0.087 97.590
129  0.028 99.220 0.092 97.560 0.087 97.590
130  0.027 99.214 0.092 97.580 0.087 97.590
131  0.027 99.214 0.093 97.580 0.087 97.590
132  0.027 99.224 0.092 97.560 0.087 97.590
133  0.027 99.226 0.092 97.560 0.087 97.590
134  0.027 99.230 0.091 97.610 0.087 97.590
135  0.027 99.226 0.092 97.520 0.087 97.590
136  0.027 99.234 0.092 97.610 0.086 97.650
137  0.027 99.270 0.092 97.540 0.086 97.650
138  0.026 99.264 0.092 97.540 0.086 97.650
139  0.026 99.242 0.092 97.540 0.086 97.650
140  0.026 99.236 0.092 97.560 0.086 97.650
141  0.026 99.250 0.092 97.580 0.086 97.650
142  0.026 99.282 0.092 97.580 0.086 97.650
143  0.026 99.270 0.092 97.580 0.086 97.650
144  0.026 99.262 0.093 97.530 0.086 97.650
145  0.026 99.288 0.093 97.510 0.086 97.650
146  0.025 99.274 0.093 97.590 0.086 97.650
147  0.025 99.300 0.093 97.500 0.086 97.650
148  0.025 99.296 0.093 97.580 0.086 97.650
149  0.025 99.296 0.092 97.570 0.086 97.650
150  0.025 99.304 0.093 97.600 0.086 97.650
151  0.025 99.302 0.093 97.530 0.086 97.650
152  0.025 99.296 0.092 97.570 0.086 97.650
153  0.025 99.324 0.093 97.500 0.086 97.650
154  0.025 99.320 0.093 97.560 0.086 97.650
155  0.024 99.302 0.092 97.560 0.086 97.650
156  0.024 99.318 0.093 97.570 0.086 97.650
157  0.024 99.342 0.093 97.560 0.086 97.650
158  0.024 99.330 0.093 97.600 0.086 97.650
159  0.024 99.332 0.093 97.510 0.086 97.650
160  0.024 99.326 0.093 97.590 0.086 97.650
161  0.024 99.346 0.093 97.570 0.086 97.650
162  0.024 99.374 0.093 97.560 0.086 97.650
163  0.024 99.364 0.093 97.570 0.086 97.650
164  0.023 99.332 0.093 97.550 0.086 97.650
165  0.023 99.358 0.094 97.480 0.086 97.650
166  0.023 99.358 0.093 97.490 0.086 97.650
167  0.023 99.374 0.093 97.560 0.086 97.650
168  0.023 99.370 0.094 97.540 0.086 97.650
169  0.023 99.384 0.093 97.530 0.086 97.650
170  0.023 99.372 0.093 97.530 0.086 97.650
171  0.023 99.380 0.093 97.510 0.086 97.650
172  0.023 99.402 0.094 97.560 0.086 97.650
173  0.022 99.388 0.093 97.560 0.086 97.650
174  0.022 99.400 0.094 97.560 0.086 97.650
175  0.022 99.390 0.093 97.550 0.086 97.650
176  0.022 99.398 0.094 97.590 0.086 97.650
177  0.022 99.428 0.094 97.550 0.086 97.650
178  0.022 99.398 0.094 97.530 0.086 97.650
179  0.022 99.426 0.094 97.570 0.086 97.650
180  0.022 99.422 0.094 97.500 0.086 97.650
181  0.022 99.420 0.094 97.570 0.086 97.650
182  0.022 99.422 0.094 97.540 0.086 97.650
183  0.022 99.420 0.094 97.560 0.086 97.650
184  0.022 99.434 0.094 97.570 0.086 97.650
185  0.021 99.432 0.094 97.640 0.087 97.590
186  0.021 99.430 0.094 97.510 0.087 97.590
187  0.021 99.452 0.094 97.580 0.087 97.590
188  0.021 99.442 0.094 97.520 0.087 97.590
189  0.021 99.432 0.094 97.570 0.087 97.590
190  0.021 99.448 0.094 97.520 0.087 97.590
191  0.021 99.462 0.095 97.530 0.087 97.590
192  0.021 99.468 0.095 97.520 0.087 97.590
193  0.021 99.448 0.094 97.580 0.087 97.590
194  0.021 99.470 0.095 97.540 0.087 97.590
195  0.021 99.472 0.095 97.570 0.087 97.590
196  0.020 99.452 0.094 97.600 0.087 97.590
197  0.020 99.462 0.095 97.620 0.087 97.590
198  0.020 99.494 0.095 97.480 0.087 97.590
199  0.020 99.484 0.095 97.500 0.087 97.590
