0  0.494 91.762 0.198 95.760 0.207 95.250
1  0.163 96.540 0.157 96.210 0.163 95.720
2  0.130 96.978 0.139 96.430 0.145 95.930
3  0.114 97.218 0.129 96.540 0.135 96.090
4  0.103 97.370 0.124 96.580 0.128 96.120
5  0.096 97.484 0.119 96.690 0.122 96.320
6  0.090 97.548 0.116 96.730 0.119 96.360
7  0.086 97.646 0.113 96.790 0.116 96.450
8  0.082 97.712 0.111 96.830 0.113 96.510
9  0.079 97.716 0.109 96.830 0.113 96.510
10  0.076 97.776 0.108 96.890 0.109 96.610
11  0.074 97.854 0.107 96.920 0.108 96.670
12  0.072 97.876 0.105 96.990 0.107 96.750
13  0.070 97.946 0.105 97.030 0.105 96.810
14  0.068 97.976 0.103 97.050 0.104 96.850
15  0.067 98.024 0.103 97.030 0.104 96.850
16  0.065 98.034 0.102 97.150 0.102 96.890
17  0.064 98.080 0.101 97.100 0.102 96.890
18  0.063 98.118 0.101 97.130 0.102 96.890
19  0.061 98.124 0.099 97.260 0.099 97.020
20  0.060 98.198 0.099 97.170 0.099 97.020
21  0.059 98.226 0.099 97.200 0.099 97.020
22  0.058 98.252 0.098 97.240 0.099 97.020
23  0.057 98.256 0.097 97.280 0.096 97.050
24  0.056 98.304 0.097 97.260 0.096 97.050
25  0.055 98.324 0.096 97.360 0.096 97.090
26  0.054 98.344 0.097 97.320 0.096 97.090
27  0.053 98.368 0.096 97.280 0.096 97.090
28  0.052 98.400 0.095 97.330 0.096 97.090
29  0.051 98.438 0.095 97.420 0.093 97.170
30  0.050 98.460 0.094 97.340 0.093 97.170
31  0.050 98.468 0.094 97.370 0.093 97.170
32  0.049 98.540 0.093 97.370 0.093 97.170
33  0.048 98.560 0.094 97.430 0.091 97.180
34  0.047 98.584 0.093 97.430 0.091 97.180
35  0.047 98.600 0.093 97.420 0.091 97.180
36  0.046 98.630 0.092 97.440 0.090 97.280
37  0.046 98.668 0.092 97.490 0.090 97.280
38  0.045 98.648 0.092 97.410 0.090 97.280
39  0.044 98.674 0.091 97.450 0.090 97.280
40  0.044 98.694 0.092 97.480 0.090 97.280
41  0.043 98.714 0.091 97.520 0.089 97.420
42  0.043 98.718 0.091 97.470 0.089 97.420
43  0.042 98.738 0.091 97.480 0.089 97.420
44  0.042 98.738 0.090 97.500 0.089 97.420
45  0.042 98.758 0.090 97.470 0.089 97.420
46  0.041 98.790 0.091 97.440 0.089 97.420
47  0.041 98.790 0.090 97.460 0.089 97.420
48  0.040 98.800 0.090 97.500 0.089 97.420
49  0.040 98.810 0.091 97.490 0.089 97.420
50  0.039 98.822 0.090 97.510 0.089 97.420
51  0.039 98.856 0.090 97.490 0.089 97.420
52  0.039 98.864 0.090 97.520 0.089 97.420
53  0.038 98.870 0.090 97.490 0.089 97.420
54  0.038 98.870 0.090 97.490 0.089 97.420
55  0.038 98.878 0.090 97.520 0.087 97.550
56  0.037 98.892 0.090 97.510 0.087 97.550
57  0.037 98.900 0.089 97.490 0.087 97.550
58  0.037 98.948 0.090 97.510 0.087 97.550
59  0.036 98.928 0.090 97.470 0.087 97.550
60  0.036 98.944 0.089 97.520 0.086 97.540
61  0.036 98.956 0.089 97.530 0.086 97.610
62  0.035 98.954 0.090 97.510 0.086 97.610
63  0.035 98.990 0.089 97.510 0.086 97.610
64  0.035 98.970 0.089 97.540 0.085 97.630
65  0.035 98.982 0.089 97.540 0.085 97.620
66  0.034 98.998 0.089 97.510 0.085 97.620
67  0.034 99.016 0.089 97.530 0.085 97.620
68  0.034 99.008 0.089 97.560 0.085 97.570
69  0.034 99.012 0.089 97.550 0.085 97.570
70  0.033 99.036 0.089 97.510 0.085 97.570
71  0.033 99.066 0.089 97.560 0.085 97.570
72  0.033 99.048 0.089 97.550 0.085 97.570
73  0.032 99.070 0.089 97.560 0.085 97.570
74  0.032 99.088 0.089 97.580 0.084 97.640
75  0.032 99.086 0.089 97.570 0.084 97.640
76  0.032 99.082 0.089 97.570 0.084 97.640
77  0.031 99.112 0.089 97.550 0.084 97.640
78  0.031 99.114 0.089 97.570 0.084 97.640
79  0.031 99.118 0.088 97.580 0.084 97.640
80  0.031 99.110 0.089 97.560 0.084 97.640
81  0.031 99.122 0.089 97.520 0.084 97.640
82  0.030 99.140 0.089 97.590 0.085 97.670
83  0.030 99.176 0.088 97.580 0.085 97.670
84  0.030 99.156 0.089 97.640 0.084 97.710
85  0.030 99.150 0.089 97.570 0.084 97.710
86  0.030 99.160 0.088 97.560 0.084 97.710
87  0.029 99.190 0.088 97.610 0.084 97.710
88  0.029 99.206 0.089 97.630 0.084 97.710
89  0.029 99.192 0.089 97.600 0.084 97.710
90  0.029 99.210 0.088 97.640 0.084 97.710
91  0.028 99.210 0.089 97.640 0.084 97.710
92  0.028 99.208 0.088 97.640 0.084 97.710
93  0.028 99.206 0.089 97.650 0.084 97.670
94  0.028 99.252 0.088 97.640 0.084 97.670
95  0.028 99.234 0.089 97.660 0.085 97.670
96  0.028 99.228 0.088 97.650 0.085 97.670
97  0.027 99.250 0.088 97.670 0.084 97.740
98  0.027 99.276 0.088 97.640 0.084 97.740
99  0.027 99.262 0.089 97.620 0.084 97.740
100  0.027 99.276 0.088 97.620 0.084 97.740
101  0.027 99.298 0.088 97.630 0.084 97.740
102  0.027 99.270 0.089 97.720 0.084 97.690
103  0.026 99.284 0.089 97.670 0.084 97.690
104  0.026 99.284 0.088 97.700 0.084 97.690
105  0.026 99.290 0.089 97.700 0.084 97.690
106  0.026 99.290 0.088 97.710 0.084 97.690
107  0.026 99.300 0.088 97.720 0.084 97.700
108  0.026 99.288 0.088 97.660 0.084 97.700
109  0.025 99.306 0.089 97.650 0.084 97.700
110  0.025 99.312 0.089 97.710 0.084 97.700
111  0.025 99.322 0.089 97.700 0.084 97.700
112  0.025 99.298 0.089 97.690 0.084 97.700
113  0.025 99.334 0.088 97.680 0.084 97.700
114  0.024 99.354 0.089 97.680 0.084 97.700
115  0.024 99.344 0.089 97.660 0.084 97.700
116  0.024 99.360 0.088 97.700 0.084 97.700
117  0.024 99.348 0.089 97.680 0.084 97.700
118  0.024 99.358 0.089 97.710 0.084 97.700
119  0.024 99.384 0.089 97.650 0.084 97.700
120  0.024 99.358 0.089 97.660 0.084 97.700
121  0.023 99.376 0.090 97.670 0.084 97.700
122  0.023 99.380 0.089 97.670 0.084 97.700
123  0.023 99.394 0.089 97.650 0.084 97.700
124  0.023 99.376 0.089 97.650 0.084 97.700
125  0.023 99.394 0.089 97.740 0.083 97.710
126  0.023 99.410 0.089 97.680 0.083 97.710
127  0.023 99.394 0.089 97.640 0.083 97.710
128  0.022 99.400 0.089 97.650 0.083 97.710
129  0.022 99.406 0.089 97.680 0.083 97.710
130  0.022 99.412 0.089 97.680 0.083 97.710
131  0.022 99.412 0.089 97.720 0.083 97.710
132  0.022 99.426 0.089 97.650 0.083 97.710
133  0.022 99.438 0.088 97.720 0.083 97.710
134  0.022 99.436 0.089 97.720 0.083 97.710
135  0.022 99.436 0.089 97.700 0.083 97.710
136  0.021 99.464 0.089 97.710 0.083 97.710
137  0.021 99.462 0.089 97.690 0.083 97.710
138  0.021 99.466 0.089 97.710 0.083 97.710
139  0.021 99.466 0.089 97.700 0.083 97.710
140  0.021 99.452 0.089 97.700 0.083 97.710
141  0.021 99.474 0.089 97.700 0.083 97.710
142  0.021 99.494 0.089 97.710 0.083 97.710
143  0.021 99.468 0.090 97.720 0.083 97.710
144  0.020 99.482 0.089 97.700 0.083 97.710
145  0.020 99.480 0.090 97.740 0.084 97.690
146  0.020 99.504 0.089 97.710 0.084 97.690
147  0.020 99.498 0.089 97.750 0.083 97.700
148  0.020 99.490 0.089 97.740 0.083 97.700
149  0.020 99.480 0.089 97.710 0.083 97.700
150  0.020 99.518 0.090 97.770 0.084 97.710
151  0.020 99.502 0.090 97.740 0.084 97.710
152  0.020 99.502 0.089 97.740 0.084 97.710
153  0.019 99.522 0.089 97.700 0.084 97.710
154  0.019 99.514 0.090 97.780 0.084 97.730
155  0.019 99.532 0.089 97.710 0.084 97.730
156  0.019 99.506 0.090 97.740 0.084 97.730
157  0.019 99.512 0.090 97.760 0.084 97.730
158  0.019 99.546 0.090 97.750 0.084 97.730
159  0.019 99.514 0.090 97.740 0.084 97.730
160  0.019 99.538 0.090 97.730 0.084 97.730
161  0.019 99.538 0.090 97.730 0.084 97.730
162  0.018 99.550 0.089 97.770 0.084 97.730
163  0.018 99.556 0.090 97.780 0.084 97.730
164  0.018 99.556 0.089 97.770 0.084 97.730
165  0.018 99.570 0.090 97.780 0.084 97.730
166  0.018 99.562 0.090 97.780 0.084 97.730
167  0.018 99.554 0.090 97.790 0.084 97.730
168  0.018 99.572 0.090 97.760 0.084 97.730
169  0.018 99.574 0.090 97.790 0.084 97.730
170  0.018 99.566 0.090 97.740 0.084 97.730
171  0.018 99.570 0.091 97.740 0.084 97.730
172  0.018 99.572 0.090 97.790 0.084 97.730
173  0.017 99.574 0.090 97.780 0.084 97.730
174  0.017 99.576 0.090 97.810 0.084 97.730
175  0.017 99.584 0.090 97.780 0.084 97.730
176  0.017 99.586 0.090 97.800 0.084 97.730
177  0.017 99.588 0.091 97.800 0.084 97.730
178  0.017 99.574 0.090 97.810 0.084 97.730
179  0.017 99.606 0.090 97.790 0.084 97.730
180  0.017 99.590 0.091 97.820 0.084 97.750
181  0.017 99.604 0.091 97.790 0.084 97.750
182  0.017 99.614 0.090 97.830 0.084 97.750
183  0.016 99.612 0.090 97.790 0.084 97.750
184  0.016 99.606 0.090 97.820 0.084 97.750
185  0.016 99.604 0.091 97.810 0.084 97.750
186  0.016 99.608 0.091 97.770 0.084 97.750
187  0.016 99.612 0.091 97.790 0.084 97.750
188  0.016 99.618 0.090 97.830 0.084 97.760
189  0.016 99.624 0.091 97.810 0.084 97.760
190  0.016 99.624 0.091 97.780 0.084 97.760
191  0.016 99.628 0.091 97.810 0.084 97.760
192  0.016 99.650 0.091 97.820 0.084 97.760
193  0.016 99.638 0.091 97.800 0.084 97.760
194  0.015 99.632 0.091 97.800 0.084 97.760
195  0.015 99.640 0.091 97.820 0.084 97.760
196  0.015 99.640 0.091 97.790 0.084 97.760
197  0.015 99.650 0.091 97.800 0.084 97.760
198  0.015 99.662 0.091 97.800 0.084 97.760
199  0.015 99.656 0.091 97.830 0.084 97.760
