0  0.934 85.892 0.404 94.000 0.408 93.730
1  0.321 94.832 0.263 94.910 0.270 94.420
2  0.233 95.582 0.215 95.270 0.222 94.840
3  0.194 95.894 0.189 95.400 0.196 95.000
4  0.172 96.120 0.174 95.580 0.180 95.190
5  0.157 96.264 0.163 95.660 0.169 95.300
6  0.146 96.380 0.155 95.820 0.161 95.400
7  0.137 96.478 0.149 95.940 0.154 95.540
8  0.130 96.580 0.144 96.080 0.149 95.650
9  0.124 96.666 0.139 96.190 0.144 95.850
10  0.119 96.788 0.136 96.280 0.140 95.900
11  0.114 96.868 0.133 96.310 0.137 96.010
12  0.110 96.972 0.129 96.420 0.133 96.070
13  0.107 97.022 0.127 96.480 0.130 96.150
14  0.104 97.136 0.124 96.590 0.128 96.200
15  0.101 97.200 0.122 96.600 0.125 96.310
16  0.098 97.226 0.120 96.670 0.123 96.330
17  0.095 97.308 0.119 96.650 0.123 96.330
18  0.093 97.350 0.117 96.720 0.119 96.420
19  0.091 97.384 0.115 96.810 0.118 96.470
20  0.089 97.482 0.114 96.750 0.118 96.470
21  0.087 97.512 0.113 96.790 0.118 96.470
22  0.085 97.554 0.112 96.850 0.114 96.540
23  0.084 97.598 0.111 96.770 0.114 96.540
24  0.082 97.628 0.110 96.870 0.111 96.580
25  0.081 97.672 0.109 96.900 0.110 96.630
26  0.079 97.716 0.108 96.910 0.110 96.670
27  0.078 97.750 0.107 96.930 0.109 96.730
28  0.077 97.758 0.106 96.990 0.107 96.740
29  0.075 97.798 0.105 97.000 0.107 96.760
30  0.074 97.850 0.105 97.000 0.107 96.760
31  0.073 97.866 0.104 97.030 0.105 96.800
32  0.072 97.926 0.104 97.020 0.105 96.800
33  0.071 97.948 0.103 97.010 0.105 96.800
34  0.070 97.954 0.103 97.040 0.103 96.840
35  0.069 98.004 0.102 97.050 0.102 96.830
36  0.068 98.036 0.102 97.110 0.102 96.860
37  0.067 98.058 0.101 97.070 0.102 96.860
38  0.066 98.052 0.100 97.140 0.101 96.930
39  0.065 98.124 0.100 97.170 0.100 96.930
40  0.064 98.142 0.100 97.150 0.100 96.930
41  0.063 98.178 0.099 97.150 0.100 96.930
42  0.063 98.214 0.099 97.180 0.099 96.950
43  0.062 98.226 0.098 97.220 0.098 97.010
44  0.061 98.278 0.098 97.220 0.098 97.010
45  0.060 98.264 0.098 97.230 0.097 97.050
46  0.060 98.306 0.097 97.210 0.097 97.050
47  0.059 98.340 0.097 97.240 0.097 96.950
48  0.058 98.362 0.097 97.270 0.096 97.090
49  0.058 98.388 0.097 97.270 0.096 97.090
50  0.057 98.392 0.096 97.290 0.095 97.030
51  0.056 98.436 0.096 97.300 0.095 97.090
52  0.056 98.462 0.095 97.310 0.094 97.120
53  0.055 98.478 0.095 97.300 0.094 97.120
54  0.054 98.518 0.095 97.320 0.094 97.120
55  0.054 98.508 0.094 97.360 0.094 97.130
56  0.053 98.532 0.094 97.330 0.094 97.130
57  0.053 98.562 0.094 97.380 0.093 97.160
58  0.052 98.576 0.094 97.390 0.093 97.150
59  0.052 98.576 0.094 97.320 0.093 97.150
60  0.051 98.606 0.093 97.360 0.093 97.150
61  0.050 98.630 0.093 97.370 0.093 97.150
62  0.050 98.652 0.093 97.340 0.093 97.150
63  0.049 98.650 0.093 97.360 0.093 97.150
64  0.049 98.660 0.092 97.390 0.093 97.150
65  0.048 98.680 0.093 97.390 0.092 97.220
66  0.048 98.704 0.092 97.390 0.092 97.220
67  0.048 98.716 0.091 97.430 0.090 97.190
68  0.047 98.728 0.091 97.440 0.091 97.200
69  0.047 98.746 0.091 97.390 0.091 97.200
70  0.046 98.754 0.091 97.410 0.091 97.200
71  0.046 98.768 0.091 97.430 0.091 97.200
72  0.045 98.812 0.091 97.400 0.091 97.200
73  0.045 98.796 0.091 97.440 0.090 97.300
74  0.045 98.806 0.091 97.410 0.090 97.300
75  0.044 98.818 0.090 97.410 0.090 97.300
76  0.044 98.838 0.091 97.430 0.090 97.300
77  0.043 98.850 0.090 97.430 0.090 97.300
78  0.043 98.856 0.090 97.440 0.090 97.300
79  0.043 98.860 0.090 97.410 0.090 97.300
80  0.042 98.886 0.090 97.460 0.088 97.300
81  0.042 98.902 0.090 97.460 0.088 97.300
82  0.041 98.902 0.089 97.420 0.088 97.300
83  0.041 98.916 0.089 97.490 0.088 97.340
84  0.041 98.940 0.090 97.470 0.088 97.340
85  0.041 98.934 0.089 97.410 0.088 97.340
86  0.040 98.960 0.089 97.460 0.088 97.340
87  0.040 98.956 0.089 97.450 0.088 97.340
88  0.040 98.952 0.089 97.430 0.088 97.340
89  0.039 98.968 0.089 97.500 0.087 97.350
90  0.039 98.978 0.089 97.520 0.087 97.370
91  0.039 99.000 0.089 97.550 0.087 97.320
92  0.038 99.020 0.088 97.570 0.087 97.370
93  0.038 99.002 0.088 97.540 0.087 97.370
94  0.038 99.012 0.088 97.520 0.087 97.370
95  0.037 99.022 0.088 97.520 0.087 97.370
96  0.037 99.038 0.088 97.530 0.087 97.370
97  0.037 99.058 0.088 97.550 0.087 97.370
98  0.036 99.062 0.088 97.520 0.087 97.370
99  0.036 99.084 0.088 97.580 0.086 97.400
100  0.036 99.082 0.088 97.540 0.086 97.400
101  0.036 99.074 0.088 97.550 0.086 97.400
102  0.035 99.090 0.088 97.580 0.086 97.400
103  0.035 99.120 0.088 97.510 0.086 97.400
104  0.035 99.132 0.088 97.600 0.085 97.400
105  0.035 99.136 0.087 97.560 0.085 97.400
106  0.034 99.136 0.088 97.590 0.085 97.400
107  0.034 99.182 0.088 97.600 0.085 97.400
108  0.034 99.148 0.087 97.570 0.085 97.400
109  0.034 99.180 0.087 97.640 0.085 97.410
110  0.033 99.160 0.088 97.580 0.085 97.410
111  0.033 99.170 0.087 97.550 0.085 97.410
112  0.033 99.194 0.087 97.640 0.085 97.410
113  0.033 99.198 0.088 97.600 0.085 97.410
114  0.032 99.208 0.087 97.620 0.085 97.410
115  0.032 99.200 0.088 97.570 0.085 97.410
116  0.032 99.214 0.087 97.650 0.085 97.360
117  0.032 99.218 0.087 97.620 0.085 97.360
118  0.031 99.244 0.087 97.640 0.085 97.360
119  0.031 99.230 0.087 97.580 0.085 97.360
120  0.031 99.244 0.087 97.630 0.085 97.360
121  0.031 99.260 0.088 97.600 0.085 97.360
122  0.031 99.276 0.087 97.620 0.085 97.360
123  0.030 99.272 0.087 97.610 0.085 97.360
124  0.030 99.278 0.088 97.590 0.085 97.360
125  0.030 99.270 0.087 97.630 0.085 97.360
126  0.030 99.276 0.087 97.650 0.084 97.350
127  0.030 99.304 0.087 97.660 0.084 97.350
128  0.029 99.298 0.088 97.590 0.084 97.350
129  0.029 99.318 0.087 97.600 0.084 97.350
130  0.029 99.312 0.087 97.650 0.084 97.350
131  0.029 99.322 0.087 97.620 0.084 97.350
132  0.029 99.312 0.087 97.680 0.084 97.370
133  0.028 99.340 0.087 97.660 0.084 97.370
134  0.028 99.328 0.087 97.650 0.084 97.370
135  0.028 99.348 0.087 97.620 0.084 97.370
136  0.028 99.362 0.087 97.630 0.084 97.370
137  0.028 99.364 0.087 97.620 0.084 97.370
138  0.027 99.374 0.087 97.650 0.084 97.370
139  0.027 99.382 0.087 97.620 0.084 97.370
140  0.027 99.370 0.087 97.620 0.084 97.370
141  0.027 99.394 0.087 97.670 0.084 97.370
142  0.027 99.386 0.087 97.650 0.084 97.370
143  0.026 99.398 0.087 97.630 0.084 97.370
144  0.026 99.406 0.087 97.620 0.084 97.370
145  0.026 99.418 0.088 97.630 0.084 97.370
146  0.026 99.432 0.087 97.610 0.084 97.370
147  0.026 99.422 0.087 97.620 0.084 97.370
148  0.026 99.428 0.087 97.660 0.084 97.370
149  0.025 99.438 0.087 97.660 0.084 97.370
150  0.025 99.450 0.087 97.660 0.084 97.370
151  0.025 99.434 0.087 97.650 0.084 97.370
152  0.025 99.450 0.087 97.630 0.084 97.370
153  0.025 99.432 0.088 97.620 0.084 97.370
154  0.025 99.458 0.087 97.610 0.084 97.370
155  0.024 99.466 0.087 97.600 0.084 97.370
156  0.024 99.458 0.088 97.670 0.084 97.370
157  0.024 99.470 0.088 97.640 0.084 97.370
158  0.024 99.482 0.088 97.580 0.084 97.370
159  0.024 99.468 0.087 97.670 0.084 97.370
160  0.024 99.488 0.088 97.720 0.083 97.450
161  0.024 99.492 0.088 97.610 0.083 97.450
162  0.023 99.504 0.088 97.680 0.083 97.450
163  0.023 99.498 0.088 97.660 0.083 97.450
164  0.023 99.504 0.088 97.640 0.083 97.450
165  0.023 99.506 0.088 97.630 0.083 97.450
166  0.023 99.518 0.088 97.640 0.083 97.450
167  0.023 99.540 0.088 97.630 0.083 97.450
168  0.022 99.526 0.088 97.650 0.083 97.450
169  0.022 99.538 0.088 97.640 0.083 97.450
170  0.022 99.544 0.088 97.660 0.083 97.450
171  0.022 99.538 0.088 97.660 0.083 97.450
172  0.022 99.546 0.088 97.600 0.083 97.450
173  0.022 99.560 0.088 97.640 0.083 97.450
174  0.022 99.564 0.089 97.640 0.083 97.450
175  0.021 99.570 0.088 97.650 0.083 97.450
176  0.021 99.562 0.088 97.660 0.083 97.450
177  0.021 99.588 0.088 97.630 0.083 97.450
178  0.021 99.574 0.088 97.630 0.083 97.450
179  0.021 99.574 0.088 97.660 0.083 97.450
180  0.021 99.574 0.088 97.550 0.083 97.450
181  0.021 99.582 0.089 97.650 0.083 97.450
182  0.021 99.586 0.089 97.630 0.083 97.450
183  0.020 99.590 0.088 97.650 0.083 97.450
184  0.020 99.596 0.088 97.600 0.083 97.450
185  0.020 99.618 0.089 97.650 0.083 97.450
186  0.020 99.608 0.089 97.770 0.084 97.460
187  0.020 99.618 0.089 97.630 0.084 97.460
188  0.020 99.620 0.089 97.700 0.084 97.460
189  0.020 99.634 0.089 97.700 0.084 97.460
190  0.020 99.622 0.089 97.670 0.084 97.460
191  0.019 99.628 0.089 97.630 0.084 97.460
192  0.019 99.632 0.089 97.660 0.084 97.460
193  0.019 99.628 0.089 97.620 0.084 97.460
194  0.019 99.640 0.089 97.600 0.084 97.460
195  0.019 99.634 0.090 97.680 0.084 97.460
196  0.019 99.658 0.089 97.650 0.084 97.460
197  0.019 99.648 0.089 97.640 0.084 97.460
198  0.019 99.650 0.090 97.670 0.084 97.460
199  0.019 99.664 0.089 97.630 0.084 97.460
