0  1.112 80.200 0.534 92.090 0.534 92.130
1  0.415 93.102 0.322 93.940 0.326 93.840
2  0.285 94.404 0.247 94.640 0.253 94.470
3  0.229 94.974 0.209 95.140 0.216 94.840
4  0.197 95.320 0.188 95.460 0.193 95.050
5  0.177 95.646 0.173 95.640 0.179 95.160
6  0.162 95.928 0.163 95.780 0.168 95.440
7  0.151 96.046 0.155 95.940 0.160 95.590
8  0.143 96.218 0.149 96.090 0.153 95.760
9  0.135 96.380 0.144 96.210 0.147 95.900
10  0.129 96.484 0.140 96.190 0.147 95.900
11  0.124 96.570 0.136 96.320 0.138 96.170
12  0.119 96.696 0.132 96.380 0.135 96.200
13  0.115 96.782 0.129 96.540 0.132 96.170
14  0.111 96.908 0.126 96.520 0.132 96.170
15  0.107 97.004 0.124 96.580 0.125 96.380
16  0.104 97.128 0.121 96.670 0.124 96.400
17  0.101 97.192 0.119 96.700 0.121 96.480
18  0.098 97.246 0.117 96.700 0.121 96.480
19  0.095 97.330 0.116 96.830 0.117 96.690
20  0.093 97.420 0.114 96.860 0.115 96.690
21  0.090 97.472 0.112 96.920 0.113 96.800
22  0.088 97.534 0.111 96.920 0.111 96.870
23  0.086 97.588 0.109 97.020 0.110 96.890
24  0.084 97.638 0.107 97.090 0.108 96.900
25  0.082 97.680 0.106 97.130 0.107 96.920
26  0.080 97.744 0.105 97.100 0.107 96.920
27  0.078 97.802 0.104 97.090 0.107 96.920
28  0.077 97.858 0.102 97.150 0.103 97.050
29  0.075 97.886 0.101 97.220 0.102 97.110
30  0.074 97.962 0.100 97.270 0.101 97.070
31  0.072 97.990 0.099 97.290 0.099 97.190
32  0.071 98.012 0.098 97.330 0.099 97.190
33  0.069 98.068 0.098 97.310 0.099 97.190
34  0.068 98.072 0.097 97.410 0.098 97.150
35  0.067 98.166 0.096 97.310 0.098 97.150
36  0.066 98.186 0.095 97.420 0.096 97.190
37  0.065 98.190 0.094 97.480 0.096 97.240
38  0.063 98.232 0.094 97.420 0.096 97.240
39  0.062 98.280 0.094 97.520 0.094 97.220
40  0.061 98.316 0.093 97.540 0.093 97.200
41  0.060 98.344 0.092 97.500 0.093 97.200
42  0.059 98.354 0.092 97.500 0.093 97.200
43  0.058 98.362 0.092 97.540 0.092 97.350
44  0.057 98.420 0.090 97.580 0.091 97.310
45  0.057 98.446 0.090 97.530 0.091 97.310
46  0.056 98.480 0.089 97.590 0.090 97.270
47  0.055 98.534 0.089 97.590 0.090 97.300
48  0.054 98.544 0.088 97.520 0.090 97.300
49  0.053 98.572 0.089 97.550 0.090 97.300
50  0.052 98.600 0.089 97.540 0.090 97.300
51  0.052 98.586 0.088 97.550 0.090 97.300
52  0.051 98.632 0.088 97.580 0.090 97.300
53  0.050 98.658 0.087 97.590 0.090 97.300
54  0.049 98.696 0.086 97.680 0.087 97.390
55  0.049 98.704 0.086 97.590 0.087 97.390
56  0.048 98.724 0.086 97.690 0.086 97.430
57  0.047 98.720 0.086 97.530 0.086 97.430
58  0.047 98.758 0.086 97.580 0.086 97.430
59  0.046 98.780 0.086 97.560 0.086 97.430
60  0.046 98.794 0.085 97.670 0.086 97.430
61  0.045 98.806 0.085 97.610 0.086 97.430
62  0.044 98.828 0.085 97.660 0.086 97.430
63  0.044 98.846 0.085 97.610 0.086 97.430
64  0.043 98.866 0.084 97.590 0.086 97.430
65  0.043 98.888 0.084 97.670 0.086 97.430
66  0.042 98.914 0.084 97.620 0.086 97.430
67  0.042 98.928 0.084 97.640 0.086 97.430
68  0.041 98.918 0.084 97.630 0.086 97.430
69  0.041 98.940 0.083 97.690 0.084 97.480
70  0.040 98.952 0.084 97.630 0.084 97.480
71  0.040 98.968 0.083 97.690 0.084 97.480
72  0.039 98.992 0.083 97.680 0.084 97.480
73  0.039 98.994 0.083 97.620 0.084 97.480
74  0.038 99.010 0.083 97.650 0.084 97.480
75  0.038 99.022 0.083 97.640 0.084 97.480
76  0.037 99.048 0.083 97.620 0.084 97.480
77  0.037 99.058 0.083 97.670 0.084 97.480
78  0.037 99.086 0.082 97.670 0.084 97.480
79  0.036 99.088 0.083 97.640 0.084 97.480
80  0.036 99.098 0.082 97.650 0.084 97.480
81  0.035 99.128 0.082 97.640 0.084 97.480
82  0.035 99.152 0.084 97.660 0.084 97.480
83  0.035 99.138 0.081 97.710 0.082 97.530
84  0.034 99.180 0.082 97.670 0.082 97.530
85  0.034 99.192 0.082 97.690 0.082 97.530
86  0.033 99.166 0.081 97.670 0.082 97.530
87  0.033 99.214 0.081 97.640 0.082 97.530
88  0.033 99.226 0.082 97.630 0.082 97.530
89  0.032 99.244 0.081 97.660 0.082 97.530
90  0.032 99.226 0.082 97.690 0.082 97.530
91  0.032 99.262 0.081 97.610 0.082 97.530
92  0.031 99.268 0.081 97.790 0.082 97.520
93  0.031 99.266 0.081 97.670 0.082 97.520
94  0.031 99.306 0.081 97.680 0.082 97.520
95  0.030 99.302 0.081 97.620 0.082 97.520
96  0.030 99.306 0.081 97.640 0.082 97.520
97  0.030 99.324 0.081 97.690 0.082 97.520
98  0.029 99.320 0.081 97.730 0.082 97.520
99  0.029 99.344 0.081 97.640 0.082 97.520
100  0.029 99.342 0.081 97.640 0.082 97.520
101  0.029 99.354 0.081 97.670 0.082 97.520
102  0.028 99.358 0.081 97.600 0.082 97.520
103  0.028 99.376 0.081 97.710 0.082 97.520
104  0.028 99.386 0.081 97.750 0.082 97.520
105  0.027 99.392 0.082 97.670 0.082 97.520
106  0.027 99.408 0.081 97.740 0.082 97.520
107  0.027 99.402 0.081 97.620 0.082 97.520
108  0.026 99.428 0.081 97.680 0.082 97.520
109  0.026 99.434 0.081 97.590 0.082 97.520
110  0.026 99.432 0.082 97.600 0.082 97.520
111  0.026 99.456 0.081 97.700 0.082 97.520
112  0.025 99.450 0.081 97.760 0.082 97.520
113  0.025 99.464 0.081 97.630 0.082 97.520
114  0.025 99.470 0.081 97.690 0.082 97.520
115  0.025 99.464 0.081 97.650 0.082 97.520
116  0.025 99.476 0.081 97.630 0.082 97.520
117  0.024 99.476 0.081 97.590 0.082 97.520
118  0.024 99.506 0.081 97.680 0.082 97.520
119  0.024 99.512 0.081 97.590 0.082 97.520
120  0.024 99.536 0.081 97.670 0.082 97.520
121  0.023 99.522 0.081 97.640 0.082 97.520
122  0.023 99.546 0.082 97.650 0.082 97.520
123  0.023 99.572 0.081 97.670 0.082 97.520
124  0.023 99.566 0.081 97.630 0.082 97.520
125  0.023 99.542 0.081 97.670 0.082 97.520
126  0.022 99.582 0.081 97.710 0.082 97.520
127  0.022 99.560 0.082 97.640 0.082 97.520
128  0.022 99.580 0.082 97.590 0.082 97.520
129  0.022 99.596 0.081 97.680 0.082 97.520
130  0.021 99.586 0.082 97.600 0.082 97.520
131  0.021 99.634 0.082 97.600 0.082 97.520
132  0.021 99.618 0.081 97.680 0.082 97.520
133  0.021 99.642 0.082 97.670 0.082 97.520
134  0.021 99.628 0.082 97.670 0.082 97.520
135  0.020 99.648 0.082 97.680 0.082 97.520
136  0.020 99.666 0.081 97.700 0.082 97.520
137  0.020 99.652 0.082 97.640 0.082 97.520
138  0.020 99.672 0.082 97.640 0.082 97.520
139  0.020 99.690 0.082 97.620 0.082 97.520
140  0.020 99.670 0.082 97.680 0.082 97.520
141  0.019 99.692 0.082 97.680 0.082 97.520
142  0.019 99.704 0.083 97.600 0.082 97.520
143  0.019 99.702 0.083 97.680 0.082 97.520
144  0.019 99.692 0.082 97.670 0.082 97.520
145  0.019 99.702 0.083 97.610 0.082 97.520
146  0.019 99.718 0.082 97.650 0.082 97.520
147  0.018 99.722 0.082 97.700 0.082 97.520
148  0.018 99.744 0.083 97.660 0.082 97.520
149  0.018 99.728 0.083 97.640 0.082 97.520
150  0.018 99.748 0.082 97.690 0.082 97.520
151  0.018 99.738 0.083 97.690 0.082 97.520
152  0.018 99.728 0.083 97.680 0.082 97.520
153  0.017 99.746 0.083 97.690 0.082 97.520
154  0.017 99.764 0.083 97.660 0.082 97.520
155  0.017 99.750 0.083 97.650 0.082 97.520
156  0.017 99.760 0.084 97.650 0.082 97.520
157  0.017 99.752 0.083 97.620 0.082 97.520
158  0.017 99.788 0.083 97.630 0.082 97.520
159  0.016 99.792 0.084 97.670 0.082 97.520
160  0.016 99.788 0.083 97.640 0.082 97.520
161  0.016 99.788 0.083 97.620 0.082 97.520
162  0.016 99.790 0.083 97.640 0.082 97.520
163  0.016 99.792 0.084 97.610 0.082 97.520
164  0.016 99.790 0.084 97.650 0.082 97.520
165  0.016 99.812 0.084 97.650 0.082 97.520
166  0.016 99.812 0.084 97.600 0.082 97.520
167  0.015 99.820 0.084 97.650 0.082 97.520
168  0.015 99.810 0.084 97.660 0.082 97.520
169  0.015 99.808 0.084 97.630 0.082 97.520
170  0.015 99.818 0.084 97.690 0.082 97.520
171  0.015 99.818 0.084 97.650 0.082 97.520
172  0.015 99.848 0.085 97.600 0.082 97.520
173  0.015 99.830 0.084 97.640 0.082 97.520
174  0.015 99.834 0.085 97.650 0.082 97.520
175  0.014 99.836 0.085 97.620 0.082 97.520
176  0.014 99.842 0.085 97.650 0.082 97.520
177  0.014 99.848 0.085 97.590 0.082 97.520
178  0.014 99.848 0.085 97.650 0.082 97.520
179  0.014 99.854 0.085 97.650 0.082 97.520
180  0.014 99.860 0.085 97.610 0.082 97.520
181  0.014 99.850 0.085 97.650 0.082 97.520
182  0.014 99.856 0.086 97.580 0.082 97.520
183  0.014 99.862 0.085 97.710 0.082 97.520
184  0.013 99.870 0.086 97.640 0.082 97.520
185  0.013 99.872 0.086 97.640 0.082 97.520
186  0.013 99.862 0.086 97.680 0.082 97.520
187  0.013 99.860 0.086 97.600 0.082 97.520
188  0.013 99.880 0.086 97.620 0.082 97.520
189  0.013 99.874 0.086 97.620 0.082 97.520
190  0.013 99.872 0.086 97.650 0.082 97.520
191  0.013 99.890 0.085 97.660 0.082 97.520
192  0.013 99.878 0.086 97.600 0.082 97.520
193  0.012 99.890 0.087 97.600 0.082 97.520
194  0.012 99.884 0.087 97.630 0.082 97.520
195  0.012 99.888 0.087 97.580 0.082 97.520
196  0.012 99.890 0.087 97.590 0.082 97.520
197  0.012 99.890 0.086 97.610 0.082 97.520
198  0.012 99.890 0.086 97.660 0.082 97.520
199  0.012 99.898 0.087 97.640 0.082 97.520
