0  1.191 76.920 0.622 91.240 0.627 90.130
1  0.497 91.788 0.391 93.150 0.403 92.270
2  0.352 93.226 0.305 93.970 0.318 93.070
3  0.286 93.986 0.259 94.530 0.273 93.590
4  0.246 94.524 0.229 94.860 0.243 94.120
5  0.219 94.948 0.209 95.100 0.222 94.440
6  0.199 95.220 0.194 95.230 0.206 94.760
7  0.184 95.518 0.183 95.400 0.195 94.950
8  0.172 95.732 0.174 95.550 0.185 95.200
9  0.162 95.872 0.167 95.590 0.178 95.270
10  0.154 96.034 0.161 95.670 0.171 95.370
11  0.147 96.140 0.155 95.800 0.166 95.420
12  0.141 96.284 0.151 95.750 0.166 95.420
13  0.136 96.358 0.147 95.870 0.156 95.580
14  0.132 96.476 0.144 95.940 0.152 95.670
15  0.128 96.554 0.141 95.970 0.149 95.750
16  0.124 96.602 0.139 96.090 0.146 95.820
17  0.120 96.670 0.136 96.090 0.146 95.820
18  0.117 96.766 0.134 96.190 0.140 95.910
19  0.114 96.804 0.131 96.270 0.138 95.990
20  0.112 96.868 0.130 96.300 0.136 96.120
21  0.109 96.962 0.128 96.260 0.136 96.120
22  0.107 97.032 0.127 96.340 0.132 96.230
23  0.104 97.068 0.125 96.380 0.130 96.230
24  0.102 97.142 0.123 96.540 0.129 96.270
25  0.101 97.182 0.122 96.520 0.129 96.270
26  0.099 97.248 0.121 96.590 0.126 96.350
27  0.097 97.274 0.120 96.620 0.125 96.360
28  0.095 97.316 0.119 96.640 0.124 96.390
29  0.094 97.344 0.118 96.760 0.123 96.460
30  0.092 97.382 0.116 96.760 0.121 96.480
31  0.091 97.412 0.116 96.780 0.120 96.500
32  0.089 97.450 0.115 96.810 0.119 96.500
33  0.088 97.506 0.114 96.700 0.119 96.500
34  0.087 97.530 0.114 96.770 0.119 96.500
35  0.086 97.524 0.112 96.790 0.119 96.500
36  0.085 97.576 0.111 96.930 0.116 96.580
37  0.084 97.624 0.111 96.810 0.116 96.580
38  0.083 97.626 0.110 96.880 0.116 96.580
39  0.082 97.676 0.111 96.790 0.116 96.580
40  0.081 97.706 0.109 96.930 0.116 96.580
41  0.080 97.738 0.108 96.900 0.116 96.580
42  0.079 97.742 0.108 96.970 0.111 96.700
43  0.078 97.798 0.107 96.930 0.111 96.700
44  0.077 97.780 0.107 96.920 0.111 96.700
45  0.076 97.810 0.106 96.930 0.111 96.700
46  0.075 97.852 0.105 96.940 0.111 96.700
47  0.075 97.862 0.105 96.940 0.111 96.700
48  0.074 97.880 0.105 96.980 0.108 96.850
49  0.073 97.900 0.104 96.970 0.108 96.850
50  0.072 97.936 0.103 96.980 0.108 96.850
51  0.072 97.960 0.103 97.010 0.107 96.880
52  0.071 97.954 0.104 97.010 0.107 96.880
53  0.070 98.010 0.102 97.010 0.106 96.900
54  0.070 97.996 0.102 97.000 0.106 96.900
55  0.069 98.038 0.103 97.000 0.106 96.900
56  0.068 98.036 0.102 97.040 0.106 96.890
57  0.068 98.064 0.101 97.050 0.104 96.920
58  0.067 98.080 0.101 97.030 0.104 96.920
59  0.067 98.076 0.100 97.070 0.104 96.930
60  0.066 98.092 0.100 97.080 0.103 96.960
61  0.065 98.120 0.100 97.040 0.103 96.960
62  0.065 98.118 0.100 97.090 0.103 97.000
63  0.064 98.152 0.099 97.070 0.103 97.000
64  0.064 98.164 0.099 97.080 0.103 97.000
65  0.063 98.180 0.099 97.130 0.102 97.030
66  0.063 98.222 0.099 97.140 0.102 97.010
67  0.062 98.192 0.098 97.180 0.102 96.990
68  0.062 98.214 0.098 97.120 0.102 96.990
69  0.061 98.222 0.098 97.090 0.102 96.990
70  0.061 98.240 0.097 97.130 0.102 96.990
71  0.061 98.252 0.097 97.150 0.102 96.990
72  0.060 98.286 0.097 97.200 0.100 97.060
73  0.060 98.294 0.097 97.210 0.100 97.060
74  0.059 98.314 0.097 97.180 0.100 97.060
75  0.059 98.326 0.097 97.150 0.100 97.060
76  0.058 98.322 0.096 97.130 0.100 97.060
77  0.058 98.352 0.096 97.190 0.100 97.060
78  0.057 98.342 0.096 97.200 0.100 97.060
79  0.057 98.360 0.096 97.140 0.100 97.060
80  0.057 98.378 0.096 97.190 0.100 97.060
81  0.056 98.380 0.096 97.270 0.099 97.150
82  0.056 98.378 0.096 97.160 0.099 97.150
83  0.055 98.372 0.096 97.110 0.099 97.150
84  0.055 98.426 0.096 97.170 0.099 97.150
85  0.055 98.432 0.096 97.240 0.099 97.150
86  0.054 98.444 0.095 97.230 0.099 97.150
87  0.054 98.434 0.095 97.210 0.099 97.150
88  0.054 98.438 0.095 97.200 0.099 97.150
89  0.053 98.476 0.095 97.230 0.099 97.150
90  0.053 98.474 0.095 97.210 0.099 97.150
91  0.053 98.494 0.095 97.220 0.099 97.150
92  0.052 98.502 0.094 97.210 0.099 97.150
93  0.052 98.506 0.094 97.260 0.099 97.150
94  0.052 98.544 0.094 97.230 0.099 97.150
95  0.051 98.560 0.094 97.260 0.099 97.150
96  0.051 98.540 0.094 97.300 0.098 97.280
97  0.051 98.558 0.094 97.290 0.098 97.280
98  0.050 98.572 0.094 97.280 0.098 97.280
99  0.050 98.596 0.094 97.300 0.098 97.280
100  0.050 98.588 0.094 97.360 0.097 97.100
101  0.049 98.614 0.093 97.250 0.097 97.100
102  0.049 98.610 0.094 97.200 0.097 97.100
103  0.049 98.606 0.093 97.320 0.097 97.100
104  0.049 98.646 0.093 97.300 0.097 97.100
105  0.048 98.664 0.093 97.300 0.097 97.100
106  0.048 98.636 0.093 97.370 0.097 97.160
107  0.048 98.668 0.093 97.340 0.097 97.160
108  0.047 98.638 0.093 97.230 0.097 97.160
109  0.047 98.694 0.093 97.330 0.097 97.160
110  0.047 98.686 0.092 97.330 0.097 97.160
111  0.047 98.722 0.093 97.290 0.097 97.160
112  0.046 98.694 0.093 97.310 0.097 97.160
113  0.046 98.708 0.093 97.260 0.097 97.160
114  0.046 98.718 0.092 97.270 0.097 97.160
115  0.045 98.714 0.092 97.290 0.097 97.160
116  0.045 98.760 0.093 97.290 0.097 97.160
117  0.045 98.776 0.092 97.280 0.097 97.160
118  0.045 98.772 0.093 97.290 0.097 97.160
119  0.044 98.782 0.092 97.320 0.097 97.160
120  0.044 98.770 0.092 97.270 0.097 97.160
121  0.044 98.804 0.092 97.280 0.097 97.160
122  0.044 98.788 0.092 97.320 0.097 97.160
123  0.044 98.798 0.092 97.250 0.097 97.160
124  0.043 98.796 0.092 97.310 0.097 97.160
125  0.043 98.800 0.091 97.350 0.097 97.160
126  0.043 98.818 0.092 97.290 0.097 97.160
127  0.043 98.826 0.092 97.340 0.097 97.160
128  0.042 98.842 0.092 97.270 0.097 97.160
129  0.042 98.856 0.092 97.280 0.097 97.160
130  0.042 98.848 0.092 97.340 0.097 97.160
131  0.042 98.878 0.092 97.370 0.097 97.160
132  0.041 98.860 0.091 97.290 0.097 97.160
133  0.041 98.858 0.091 97.370 0.097 97.160
134  0.041 98.864 0.092 97.240 0.097 97.160
135  0.041 98.880 0.091 97.340 0.097 97.160
136  0.041 98.876 0.091 97.330 0.097 97.160
137  0.040 98.898 0.092 97.290 0.097 97.160
138  0.040 98.920 0.092 97.320 0.097 97.160
139  0.040 98.908 0.092 97.250 0.097 97.160
140  0.040 98.916 0.091 97.310 0.097 97.160
141  0.039 98.920 0.091 97.370 0.097 97.160
142  0.039 98.920 0.092 97.340 0.097 97.160
143  0.039 98.956 0.091 97.350 0.097 97.160
144  0.039 98.932 0.091 97.340 0.097 97.160
145  0.039 98.950 0.092 97.360 0.097 97.160
146  0.038 98.948 0.091 97.340 0.097 97.160
147  0.038 98.978 0.092 97.290 0.097 97.160
148  0.038 99.006 0.092 97.320 0.097 97.160
149  0.038 98.986 0.091 97.290 0.097 97.160
150  0.038 98.992 0.091 97.370 0.097 97.160
151  0.038 98.986 0.091 97.300 0.097 97.160
152  0.037 99.000 0.092 97.350 0.097 97.160
153  0.037 99.008 0.092 97.340 0.097 97.160
154  0.037 99.002 0.091 97.330 0.097 97.160
155  0.037 99.030 0.092 97.340 0.097 97.160
156  0.037 99.014 0.091 97.360 0.097 97.160
157  0.036 99.032 0.091 97.390 0.096 97.160
158  0.036 99.032 0.092 97.390 0.096 97.160
159  0.036 99.036 0.091 97.320 0.096 97.160
160  0.036 99.036 0.092 97.330 0.096 97.160
161  0.036 99.046 0.092 97.330 0.096 97.160
162  0.035 99.046 0.092 97.310 0.096 97.160
163  0.035 99.066 0.092 97.310 0.096 97.160
164  0.035 99.044 0.091 97.440 0.096 97.220
165  0.035 99.052 0.091 97.380 0.096 97.220
166  0.035 99.054 0.092 97.290 0.096 97.220
167  0.035 99.098 0.091 97.320 0.096 97.220
168  0.034 99.102 0.092 97.340 0.096 97.220
169  0.034 99.084 0.091 97.380 0.096 97.220
170  0.034 99.078 0.093 97.340 0.096 97.220
171  0.034 99.068 0.093 97.330 0.096 97.220
172  0.034 99.108 0.091 97.300 0.096 97.220
173  0.034 99.112 0.093 97.360 0.096 97.220
174  0.033 99.144 0.093 97.320 0.096 97.220
175  0.033 99.146 0.093 97.330 0.096 97.220
176  0.033 99.104 0.092 97.310 0.096 97.220
177  0.033 99.130 0.092 97.320 0.096 97.220
178  0.033 99.142 0.092 97.320 0.096 97.220
179  0.033 99.134 0.092 97.300 0.096 97.220
180  0.032 99.152 0.092 97.260 0.096 97.220
181  0.032 99.162 0.092 97.330 0.096 97.220
182  0.032 99.144 0.092 97.340 0.096 97.220
183  0.032 99.132 0.093 97.300 0.096 97.220
184  0.032 99.182 0.092 97.360 0.096 97.220
185  0.032 99.172 0.092 97.330 0.096 97.220
186  0.032 99.200 0.092 97.340 0.096 97.220
187  0.031 99.164 0.092 97.330 0.096 97.220
188  0.031 99.174 0.092 97.330 0.096 97.220
189  0.031 99.178 0.093 97.300 0.096 97.220
190  0.031 99.174 0.093 97.290 0.096 97.220
191  0.031 99.218 0.092 97.390 0.096 97.220
192  0.031 99.226 0.092 97.350 0.096 97.220
193  0.031 99.234 0.092 97.340 0.096 97.220
194  0.030 99.210 0.092 97.400 0.096 97.220
195  0.030 99.214 0.092 97.290 0.096 97.220
196  0.030 99.244 0.092 97.350 0.096 97.220
197  0.030 99.258 0.093 97.310 0.096 97.220
198  0.030 99.246 0.093 97.270 0.096 97.220
199  0.030 99.258 0.093 97.280 0.096 97.220
