0  0.935 85.884 0.412 94.210 0.416 93.680
1  0.326 94.836 0.270 95.020 0.276 94.480
2  0.237 95.608 0.220 95.300 0.226 94.880
3  0.197 95.980 0.193 95.520 0.199 95.120
4  0.174 96.198 0.177 95.650 0.183 95.370
5  0.158 96.348 0.166 95.770 0.171 95.480
6  0.146 96.508 0.157 95.940 0.163 95.550
7  0.137 96.612 0.151 96.010 0.156 95.620
8  0.129 96.708 0.145 96.060 0.149 95.730
9  0.123 96.824 0.140 96.190 0.145 95.820
10  0.118 96.932 0.136 96.270 0.140 95.980
11  0.113 97.012 0.132 96.320 0.137 96.000
12  0.109 97.076 0.129 96.390 0.133 95.970
13  0.105 97.130 0.126 96.520 0.130 96.120
14  0.102 97.200 0.123 96.510 0.130 96.120
15  0.099 97.252 0.121 96.580 0.125 96.290
16  0.096 97.326 0.119 96.660 0.123 96.320
17  0.094 97.384 0.118 96.640 0.123 96.320
18  0.091 97.464 0.116 96.800 0.119 96.460
19  0.089 97.478 0.114 96.790 0.119 96.460
20  0.087 97.490 0.113 96.750 0.119 96.460
21  0.086 97.562 0.112 96.880 0.115 96.550
22  0.084 97.602 0.112 96.840 0.115 96.550
23  0.082 97.644 0.110 96.890 0.113 96.620
24  0.081 97.666 0.109 96.870 0.113 96.620
25  0.080 97.720 0.109 96.920 0.111 96.700
26  0.078 97.746 0.107 96.900 0.111 96.700
27  0.077 97.754 0.107 96.880 0.111 96.700
28  0.076 97.788 0.107 96.980 0.109 96.790
29  0.075 97.820 0.106 96.950 0.109 96.790
30  0.074 97.856 0.105 96.910 0.109 96.790
31  0.073 97.882 0.105 96.980 0.109 96.790
32  0.072 97.908 0.104 96.950 0.109 96.790
33  0.070 97.972 0.103 96.990 0.105 96.900
34  0.070 97.964 0.103 97.030 0.105 96.880
35  0.069 98.026 0.102 97.020 0.105 96.880
36  0.068 98.034 0.101 97.020 0.105 96.880
37  0.067 98.064 0.102 97.040 0.103 96.960
38  0.066 98.072 0.101 97.160 0.102 96.960
39  0.065 98.108 0.101 97.070 0.102 96.960
40  0.064 98.134 0.100 97.150 0.102 96.960
41  0.064 98.144 0.100 97.150 0.102 96.960
42  0.063 98.192 0.099 97.150 0.102 96.960
43  0.062 98.186 0.098 97.090 0.102 96.960
44  0.061 98.222 0.099 97.130 0.102 96.960
45  0.061 98.250 0.098 97.080 0.102 96.960
46  0.060 98.284 0.098 97.150 0.102 96.960
47  0.060 98.296 0.097 97.140 0.102 96.960
48  0.059 98.336 0.097 97.200 0.098 97.090
49  0.058 98.344 0.097 97.120 0.098 97.090
50  0.057 98.378 0.096 97.140 0.098 97.090
51  0.057 98.352 0.096 97.160 0.098 97.090
52  0.056 98.396 0.096 97.170 0.098 97.090
53  0.056 98.434 0.096 97.260 0.096 97.160
54  0.055 98.442 0.096 97.220 0.096 97.160
55  0.054 98.454 0.095 97.250 0.096 97.160
56  0.054 98.470 0.095 97.260 0.095 97.210
57  0.053 98.480 0.095 97.290 0.095 97.290
58  0.053 98.486 0.094 97.290 0.095 97.290
59  0.052 98.518 0.093 97.280 0.095 97.290
60  0.052 98.520 0.093 97.300 0.094 97.190
61  0.051 98.526 0.093 97.270 0.094 97.190
62  0.051 98.570 0.093 97.310 0.093 97.250
63  0.050 98.558 0.093 97.370 0.093 97.260
64  0.050 98.582 0.093 97.360 0.093 97.260
65  0.049 98.584 0.093 97.310 0.093 97.260
66  0.049 98.602 0.093 97.410 0.093 97.320
67  0.049 98.630 0.092 97.370 0.093 97.320
68  0.048 98.644 0.092 97.330 0.093 97.320
69  0.048 98.670 0.092 97.340 0.093 97.320
70  0.047 98.646 0.091 97.390 0.093 97.320
71  0.047 98.678 0.091 97.460 0.092 97.290
72  0.046 98.698 0.091 97.380 0.092 97.290
73  0.046 98.728 0.091 97.400 0.092 97.290
74  0.046 98.742 0.090 97.410 0.092 97.290
75  0.045 98.718 0.090 97.420 0.092 97.290
76  0.045 98.756 0.090 97.440 0.092 97.290
77  0.045 98.782 0.090 97.460 0.092 97.290
78  0.044 98.778 0.091 97.500 0.092 97.270
79  0.044 98.774 0.090 97.460 0.092 97.270
80  0.044 98.790 0.090 97.440 0.092 97.270
81  0.043 98.808 0.090 97.470 0.092 97.270
82  0.043 98.824 0.090 97.540 0.090 97.330
83  0.043 98.856 0.089 97.490 0.090 97.330
84  0.042 98.842 0.089 97.520 0.090 97.330
85  0.042 98.860 0.090 97.500 0.090 97.330
86  0.042 98.862 0.090 97.570 0.090 97.350
87  0.041 98.888 0.089 97.530 0.090 97.350
88  0.041 98.904 0.089 97.490 0.090 97.350
89  0.041 98.912 0.089 97.470 0.090 97.350
90  0.040 98.926 0.089 97.490 0.090 97.350
91  0.040 98.930 0.089 97.560 0.090 97.350
92  0.040 98.916 0.089 97.470 0.090 97.350
93  0.040 98.928 0.089 97.530 0.090 97.350
94  0.039 98.936 0.089 97.540 0.090 97.350
95  0.039 98.948 0.089 97.480 0.090 97.350
96  0.039 98.954 0.089 97.490 0.090 97.350
97  0.038 98.982 0.088 97.520 0.090 97.350
98  0.038 98.992 0.089 97.570 0.090 97.430
99  0.038 99.000 0.088 97.560 0.090 97.430
100  0.038 98.998 0.089 97.540 0.090 97.430
101  0.037 98.992 0.088 97.560 0.090 97.430
102  0.037 98.998 0.088 97.580 0.089 97.520
103  0.037 99.042 0.088 97.610 0.089 97.510
104  0.037 99.014 0.088 97.590 0.089 97.510
105  0.037 99.034 0.088 97.540 0.089 97.510
106  0.036 99.034 0.088 97.580 0.089 97.510
107  0.036 99.048 0.088 97.630 0.089 97.470
108  0.036 99.074 0.087 97.600 0.089 97.470
109  0.036 99.054 0.088 97.520 0.089 97.470
110  0.035 99.084 0.088 97.600 0.089 97.470
111  0.035 99.072 0.088 97.590 0.089 97.470
112  0.035 99.084 0.088 97.520 0.089 97.470
113  0.035 99.080 0.088 97.530 0.089 97.470
114  0.035 99.092 0.087 97.560 0.089 97.470
115  0.034 99.100 0.088 97.550 0.089 97.470
116  0.034 99.100 0.088 97.590 0.089 97.470
117  0.034 99.110 0.088 97.570 0.089 97.470
118  0.034 99.142 0.088 97.540 0.089 97.470
119  0.034 99.126 0.088 97.600 0.089 97.470
120  0.033 99.148 0.088 97.580 0.089 97.470
121  0.033 99.148 0.087 97.550 0.089 97.470
122  0.033 99.146 0.087 97.610 0.089 97.470
123  0.033 99.168 0.087 97.600 0.089 97.470
124  0.033 99.148 0.088 97.580 0.089 97.470
125  0.032 99.134 0.088 97.550 0.089 97.470
126  0.032 99.156 0.087 97.580 0.089 97.470
127  0.032 99.188 0.088 97.600 0.089 97.470
128  0.032 99.168 0.088 97.560 0.089 97.470
129  0.032 99.174 0.088 97.580 0.089 97.470
130  0.031 99.208 0.088 97.560 0.089 97.470
131  0.031 99.202 0.088 97.540 0.089 97.470
132  0.031 99.210 0.087 97.580 0.089 97.470
133  0.031 99.208 0.087 97.570 0.089 97.470
134  0.031 99.208 0.087 97.560 0.089 97.470
135  0.031 99.246 0.087 97.600 0.089 97.470
136  0.030 99.226 0.088 97.530 0.089 97.470
137  0.030 99.240 0.089 97.600 0.089 97.470
138  0.030 99.230 0.087 97.580 0.089 97.470
139  0.030 99.250 0.088 97.550 0.089 97.470
140  0.030 99.250 0.087 97.580 0.089 97.470
141  0.029 99.236 0.088 97.510 0.089 97.470
142  0.029 99.244 0.088 97.530 0.089 97.470
143  0.029 99.264 0.088 97.580 0.089 97.470
144  0.029 99.258 0.087 97.570 0.089 97.470
145  0.029 99.264 0.088 97.550 0.089 97.470
146  0.029 99.274 0.088 97.620 0.089 97.470
147  0.029 99.286 0.088 97.610 0.089 97.470
148  0.028 99.290 0.088 97.550 0.089 97.470
149  0.028 99.298 0.088 97.540 0.089 97.470
150  0.028 99.288 0.088 97.570 0.089 97.470
151  0.028 99.290 0.088 97.540 0.089 97.470
152  0.028 99.304 0.088 97.580 0.089 97.470
153  0.028 99.306 0.088 97.590 0.089 97.470
154  0.028 99.324 0.089 97.530 0.089 97.470
155  0.028 99.306 0.088 97.600 0.089 97.470
156  0.027 99.308 0.088 97.590 0.089 97.470
157  0.027 99.320 0.088 97.530 0.089 97.470
158  0.027 99.334 0.089 97.600 0.089 97.470
159  0.027 99.330 0.088 97.590 0.089 97.470
160  0.027 99.340 0.089 97.590 0.089 97.470
161  0.027 99.356 0.088 97.580 0.089 97.470
162  0.027 99.358 0.088 97.590 0.089 97.470
163  0.026 99.354 0.089 97.570 0.089 97.470
164  0.026 99.342 0.089 97.640 0.089 97.670
165  0.026 99.372 0.088 97.590 0.089 97.670
166  0.026 99.362 0.088 97.560 0.089 97.670
167  0.026 99.370 0.088 97.540 0.089 97.670
168  0.026 99.372 0.089 97.570 0.089 97.670
169  0.026 99.386 0.089 97.570 0.089 97.670
170  0.026 99.368 0.089 97.560 0.089 97.670
171  0.025 99.400 0.089 97.520 0.089 97.670
172  0.025 99.398 0.089 97.570 0.089 97.670
173  0.025 99.396 0.089 97.510 0.089 97.670
174  0.025 99.390 0.090 97.580 0.089 97.670
175  0.025 99.416 0.089 97.520 0.089 97.670
176  0.025 99.422 0.089 97.590 0.089 97.670
177  0.025 99.408 0.089 97.580 0.089 97.670
178  0.025 99.422 0.089 97.590 0.089 97.670
179  0.025 99.422 0.089 97.590 0.089 97.670
180  0.024 99.418 0.089 97.530 0.089 97.670
181  0.024 99.418 0.089 97.550 0.089 97.670
182  0.024 99.436 0.089 97.520 0.089 97.670
183  0.024 99.432 0.090 97.560 0.089 97.670
184  0.024 99.432 0.090 97.580 0.089 97.670
185  0.024 99.438 0.089 97.580 0.089 97.670
186  0.024 99.468 0.089 97.570 0.089 97.670
187  0.024 99.434 0.090 97.570 0.089 97.670
188  0.024 99.468 0.089 97.560 0.089 97.670
189  0.023 99.448 0.089 97.570 0.089 97.670
190  0.023 99.468 0.089 97.600 0.089 97.670
191  0.023 99.472 0.090 97.540 0.089 97.670
192  0.023 99.486 0.090 97.550 0.089 97.670
193  0.023 99.476 0.090 97.590 0.089 97.670
194  0.023 99.476 0.090 97.530 0.089 97.670
195  0.023 99.484 0.090 97.510 0.089 97.670
196  0.023 99.486 0.090 97.550 0.089 97.670
197  0.023 99.490 0.090 97.570 0.089 97.670
198  0.023 99.476 0.090 97.550 0.089 97.670
199  0.022 99.494 0.090 97.570 0.089 97.670
