0  1.218 78.160 0.625 91.490 0.631 90.670
1  0.491 92.018 0.374 93.440 0.386 92.470
2  0.335 93.516 0.284 94.370 0.297 93.240
3  0.267 94.288 0.238 94.810 0.251 93.800
4  0.228 94.832 0.211 95.070 0.222 94.260
5  0.202 95.178 0.193 95.330 0.203 94.540
6  0.184 95.454 0.180 95.520 0.189 94.750
7  0.170 95.708 0.169 95.650 0.177 95.120
8  0.158 95.930 0.161 95.870 0.168 95.300
9  0.148 96.162 0.154 95.990 0.160 95.520
10  0.140 96.350 0.148 96.060 0.154 95.650
11  0.133 96.474 0.144 96.200 0.149 95.870
12  0.127 96.626 0.139 96.200 0.149 95.870
13  0.122 96.704 0.136 96.200 0.149 95.870
14  0.118 96.816 0.133 96.340 0.137 96.080
15  0.114 96.912 0.130 96.480 0.134 96.320
16  0.110 97.028 0.128 96.500 0.131 96.260
17  0.107 97.126 0.125 96.620 0.129 96.340
18  0.104 97.210 0.123 96.690 0.127 96.460
19  0.101 97.264 0.121 96.760 0.125 96.560
20  0.098 97.320 0.119 96.670 0.125 96.560
21  0.096 97.368 0.118 96.780 0.121 96.610
22  0.094 97.474 0.117 96.840 0.120 96.680
23  0.092 97.466 0.116 96.890 0.118 96.660
24  0.090 97.532 0.115 96.870 0.118 96.660
25  0.088 97.586 0.113 96.920 0.116 96.710
26  0.086 97.626 0.112 96.980 0.114 96.770
27  0.085 97.680 0.111 96.950 0.114 96.770
28  0.083 97.720 0.110 96.950 0.114 96.770
29  0.082 97.750 0.109 97.030 0.111 96.730
30  0.080 97.808 0.108 97.040 0.110 96.820
31  0.079 97.796 0.107 97.070 0.110 96.860
32  0.077 97.882 0.107 97.070 0.110 96.860
33  0.076 97.864 0.106 97.040 0.110 96.860
34  0.075 97.940 0.105 97.100 0.107 96.890
35  0.074 97.954 0.105 97.130 0.106 96.890
36  0.073 97.984 0.104 97.150 0.106 96.860
37  0.072 98.030 0.104 97.140 0.106 96.860
38  0.071 98.044 0.102 97.240 0.104 97.050
39  0.070 98.090 0.102 97.280 0.103 96.980
40  0.068 98.134 0.101 97.160 0.103 96.980
41  0.068 98.154 0.101 97.190 0.103 96.980
42  0.067 98.160 0.100 97.320 0.101 97.030
43  0.066 98.188 0.099 97.330 0.101 97.060
44  0.065 98.236 0.099 97.270 0.101 97.060
45  0.064 98.232 0.098 97.270 0.101 97.060
46  0.063 98.260 0.098 97.310 0.101 97.060
47  0.062 98.298 0.097 97.290 0.101 97.060
48  0.061 98.320 0.097 97.280 0.101 97.060
49  0.061 98.292 0.097 97.230 0.101 97.060
50  0.060 98.352 0.096 97.360 0.098 97.080
51  0.059 98.396 0.096 97.370 0.097 97.080
52  0.058 98.390 0.095 97.390 0.096 97.100
53  0.058 98.442 0.096 97.350 0.096 97.100
54  0.057 98.468 0.095 97.440 0.096 97.100
55  0.056 98.456 0.095 97.400 0.096 97.100
56  0.056 98.486 0.094 97.350 0.096 97.100
57  0.055 98.488 0.094 97.430 0.096 97.100
58  0.054 98.500 0.093 97.380 0.096 97.100
59  0.054 98.536 0.093 97.490 0.093 97.170
60  0.053 98.544 0.093 97.470 0.093 97.170
61  0.053 98.544 0.093 97.440 0.093 97.170
62  0.052 98.612 0.093 97.510 0.094 97.160
63  0.052 98.582 0.092 97.480 0.094 97.160
64  0.051 98.600 0.092 97.410 0.094 97.160
65  0.051 98.610 0.092 97.510 0.093 97.170
66  0.050 98.628 0.092 97.490 0.093 97.170
67  0.049 98.630 0.091 97.460 0.093 97.170
68  0.049 98.644 0.091 97.480 0.093 97.170
69  0.048 98.686 0.091 97.490 0.093 97.170
70  0.048 98.678 0.091 97.550 0.091 97.230
71  0.047 98.672 0.090 97.490 0.091 97.230
72  0.047 98.710 0.090 97.530 0.091 97.230
73  0.047 98.724 0.090 97.510 0.091 97.230
74  0.046 98.720 0.090 97.500 0.091 97.230
75  0.046 98.750 0.091 97.450 0.091 97.230
76  0.045 98.774 0.090 97.550 0.090 97.270
77  0.045 98.774 0.090 97.480 0.090 97.270
78  0.044 98.772 0.089 97.500 0.090 97.270
79  0.044 98.798 0.089 97.590 0.090 97.300
80  0.044 98.804 0.089 97.520 0.090 97.300
81  0.043 98.834 0.089 97.510 0.090 97.300
82  0.043 98.846 0.089 97.570 0.090 97.300
83  0.042 98.844 0.089 97.500 0.090 97.300
84  0.042 98.850 0.089 97.440 0.090 97.300
85  0.041 98.896 0.088 97.530 0.090 97.300
86  0.041 98.884 0.088 97.470 0.090 97.300
87  0.041 98.876 0.089 97.550 0.090 97.300
88  0.040 98.914 0.089 97.520 0.090 97.300
89  0.040 98.970 0.088 97.500 0.090 97.300
90  0.040 98.922 0.088 97.540 0.090 97.300
91  0.039 98.962 0.089 97.550 0.090 97.300
92  0.039 98.944 0.088 97.540 0.090 97.300
93  0.039 98.986 0.088 97.460 0.090 97.300
94  0.038 98.968 0.088 97.470 0.090 97.300
95  0.038 99.012 0.088 97.520 0.090 97.300
96  0.038 99.020 0.088 97.480 0.090 97.300
97  0.037 99.044 0.088 97.500 0.090 97.300
98  0.037 99.014 0.089 97.530 0.090 97.300
99  0.037 99.030 0.087 97.510 0.090 97.300
100  0.036 99.072 0.087 97.470 0.090 97.300
101  0.036 99.084 0.088 97.500 0.090 97.300
102  0.036 99.070 0.087 97.520 0.090 97.300
103  0.035 99.090 0.087 97.550 0.090 97.300
104  0.035 99.110 0.087 97.510 0.090 97.300
105  0.035 99.100 0.087 97.540 0.090 97.300
106  0.035 99.128 0.087 97.510 0.090 97.300
107  0.034 99.162 0.087 97.520 0.090 97.300
108  0.034 99.126 0.087 97.530 0.090 97.300
109  0.034 99.146 0.087 97.470 0.090 97.300
110  0.033 99.164 0.087 97.520 0.090 97.300
111  0.033 99.166 0.087 97.560 0.090 97.300
112  0.033 99.160 0.087 97.530 0.090 97.300
113  0.033 99.212 0.088 97.530 0.090 97.300
114  0.032 99.184 0.087 97.530 0.090 97.300
115  0.032 99.182 0.087 97.510 0.090 97.300
116  0.032 99.228 0.086 97.540 0.090 97.300
117  0.032 99.226 0.087 97.540 0.090 97.300
118  0.031 99.228 0.086 97.610 0.088 97.420
119  0.031 99.252 0.088 97.560 0.088 97.420
120  0.031 99.250 0.087 97.550 0.088 97.420
121  0.031 99.274 0.087 97.570 0.088 97.420
122  0.030 99.280 0.087 97.600 0.088 97.420
123  0.030 99.280 0.087 97.560 0.088 97.420
124  0.030 99.284 0.087 97.590 0.088 97.420
125  0.029 99.296 0.087 97.550 0.088 97.420
126  0.029 99.300 0.087 97.540 0.088 97.420
127  0.029 99.320 0.088 97.610 0.088 97.420
128  0.029 99.316 0.087 97.610 0.088 97.420
129  0.029 99.320 0.087 97.560 0.088 97.420
130  0.028 99.348 0.086 97.580 0.088 97.420
131  0.028 99.332 0.087 97.640 0.089 97.420
132  0.028 99.368 0.087 97.560 0.089 97.420
133  0.028 99.366 0.087 97.590 0.089 97.420
134  0.028 99.362 0.087 97.610 0.089 97.420
135  0.027 99.370 0.087 97.580 0.089 97.420
136  0.027 99.402 0.087 97.560 0.089 97.420
137  0.027 99.408 0.087 97.630 0.089 97.420
138  0.027 99.418 0.087 97.630 0.089 97.420
139  0.027 99.388 0.087 97.600 0.089 97.420
140  0.026 99.408 0.087 97.690 0.089 97.370
141  0.026 99.396 0.087 97.620 0.089 97.370
142  0.026 99.414 0.088 97.600 0.089 97.370
143  0.026 99.436 0.087 97.650 0.089 97.370
144  0.026 99.436 0.087 97.660 0.089 97.370
145  0.025 99.458 0.088 97.630 0.089 97.370
146  0.025 99.430 0.087 97.640 0.089 97.370
147  0.025 99.450 0.087 97.590 0.089 97.370
148  0.025 99.424 0.088 97.620 0.089 97.370
149  0.025 99.458 0.088 97.630 0.089 97.370
150  0.024 99.482 0.088 97.630 0.089 97.370
151  0.024 99.448 0.088 97.660 0.089 97.370
152  0.024 99.480 0.089 97.600 0.089 97.370
153  0.024 99.496 0.089 97.650 0.089 97.370
154  0.024 99.486 0.087 97.590 0.089 97.370
155  0.024 99.512 0.088 97.690 0.089 97.370
156  0.024 99.500 0.088 97.640 0.089 97.370
157  0.023 99.500 0.088 97.640 0.089 97.370
158  0.023 99.522 0.089 97.600 0.089 97.370
159  0.023 99.526 0.088 97.620 0.089 97.370
160  0.023 99.524 0.089 97.660 0.089 97.370
161  0.023 99.522 0.089 97.660 0.089 97.370
162  0.022 99.546 0.088 97.630 0.089 97.370
163  0.022 99.526 0.089 97.640 0.089 97.370
164  0.022 99.532 0.089 97.630 0.089 97.370
165  0.022 99.546 0.089 97.620 0.089 97.370
166  0.022 99.568 0.089 97.650 0.089 97.370
167  0.022 99.560 0.089 97.670 0.089 97.370
168  0.022 99.574 0.089 97.650 0.089 97.370
169  0.022 99.558 0.089 97.650 0.089 97.370
170  0.021 99.562 0.089 97.650 0.089 97.370
171  0.021 99.564 0.090 97.680 0.089 97.370
172  0.021 99.582 0.089 97.650 0.089 97.370
173  0.021 99.578 0.089 97.680 0.089 97.370
174  0.021 99.598 0.089 97.650 0.089 97.370
175  0.021 99.604 0.090 97.690 0.089 97.370
176  0.020 99.608 0.090 97.620 0.089 97.370
177  0.020 99.594 0.090 97.620 0.089 97.370
178  0.020 99.608 0.091 97.680 0.089 97.370
179  0.020 99.608 0.089 97.630 0.089 97.370
180  0.020 99.628 0.089 97.680 0.089 97.370
181  0.020 99.636 0.090 97.710 0.091 97.320
182  0.020 99.636 0.090 97.640 0.091 97.320
183  0.020 99.644 0.090 97.620 0.091 97.320
184  0.019 99.630 0.089 97.630 0.091 97.320
185  0.019 99.660 0.091 97.670 0.091 97.320
186  0.019 99.650 0.091 97.610 0.091 97.320
187  0.019 99.662 0.091 97.660 0.091 97.320
188  0.019 99.632 0.091 97.670 0.091 97.320
189  0.019 99.676 0.091 97.620 0.091 97.320
190  0.019 99.652 0.091 97.640 0.091 97.320
191  0.018 99.678 0.090 97.610 0.091 97.320
192  0.018 99.664 0.090 97.690 0.091 97.320
193  0.018 99.678 0.091 97.690 0.091 97.320
194  0.018 99.690 0.091 97.630 0.091 97.320
195  0.018 99.684 0.091 97.650 0.091 97.320
196  0.018 99.688 0.091 97.680 0.091 97.320
197  0.018 99.708 0.091 97.640 0.091 97.320
198  0.018 99.702 0.091 97.600 0.091 97.320
199  0.018 99.694 0.092 97.690 0.091 97.320
