0  0.947 82.956 0.421 93.500 0.425 93.070
1  0.335 94.366 0.266 95.020 0.274 94.440
2  0.236 95.302 0.210 95.600 0.219 94.980
3  0.192 95.816 0.181 95.990 0.189 95.360
4  0.167 96.140 0.164 96.200 0.171 95.760
5  0.150 96.382 0.152 96.240 0.158 95.860
6  0.137 96.582 0.144 96.360 0.149 95.940
7  0.128 96.742 0.137 96.460 0.142 96.070
8  0.121 96.850 0.132 96.530 0.136 96.250
9  0.115 97.000 0.128 96.570 0.132 96.330
10  0.110 97.102 0.125 96.640 0.128 96.400
11  0.105 97.178 0.122 96.700 0.125 96.460
12  0.101 97.260 0.120 96.720 0.122 96.550
13  0.098 97.328 0.117 96.760 0.120 96.580
14  0.095 97.420 0.115 96.770 0.118 96.700
15  0.092 97.470 0.113 96.840 0.115 96.770
16  0.090 97.510 0.112 96.900 0.114 96.820
17  0.087 97.596 0.111 96.910 0.112 96.760
18  0.085 97.638 0.110 96.980 0.110 96.850
19  0.083 97.698 0.108 96.980 0.109 96.890
20  0.081 97.752 0.107 96.970 0.109 96.890
21  0.080 97.810 0.106 97.050 0.107 96.990
22  0.078 97.866 0.105 97.100 0.105 96.970
23  0.076 97.886 0.104 97.090 0.105 96.970
24  0.075 97.910 0.103 97.100 0.103 96.980
25  0.073 97.942 0.103 97.100 0.103 96.980
26  0.072 98.002 0.102 97.160 0.102 97.060
27  0.071 98.060 0.101 97.180 0.101 97.100
28  0.069 98.102 0.100 97.140 0.101 97.100
29  0.068 98.088 0.099 97.150 0.101 97.100
30  0.067 98.130 0.098 97.130 0.101 97.100
31  0.066 98.146 0.098 97.170 0.101 97.100
32  0.065 98.182 0.098 97.130 0.101 97.100
33  0.064 98.226 0.097 97.170 0.101 97.100
34  0.063 98.266 0.097 97.280 0.096 97.140
35  0.062 98.276 0.096 97.190 0.096 97.140
36  0.061 98.274 0.095 97.290 0.095 97.180
37  0.060 98.300 0.095 97.280 0.095 97.180
38  0.059 98.344 0.095 97.250 0.095 97.180
39  0.058 98.370 0.094 97.210 0.095 97.180
40  0.057 98.400 0.094 97.320 0.092 97.250
41  0.057 98.420 0.094 97.290 0.092 97.250
42  0.056 98.414 0.093 97.330 0.092 97.260
43  0.055 98.446 0.093 97.330 0.092 97.260
44  0.054 98.488 0.092 97.400 0.090 97.320
45  0.054 98.498 0.092 97.340 0.090 97.320
46  0.053 98.514 0.091 97.360 0.090 97.320
47  0.052 98.560 0.091 97.400 0.090 97.320
48  0.052 98.600 0.090 97.370 0.090 97.320
49  0.051 98.588 0.091 97.380 0.090 97.320
50  0.050 98.622 0.090 97.390 0.090 97.320
51  0.050 98.634 0.090 97.380 0.090 97.320
52  0.049 98.656 0.090 97.420 0.088 97.330
53  0.048 98.676 0.089 97.390 0.088 97.330
54  0.048 98.696 0.089 97.430 0.087 97.370
55  0.047 98.712 0.089 97.440 0.087 97.380
56  0.047 98.728 0.088 97.470 0.087 97.420
57  0.046 98.746 0.088 97.470 0.087 97.420
58  0.046 98.762 0.088 97.460 0.087 97.420
59  0.045 98.734 0.089 97.440 0.087 97.420
60  0.045 98.816 0.088 97.540 0.086 97.400
61  0.044 98.792 0.087 97.540 0.086 97.400
62  0.044 98.812 0.088 97.470 0.086 97.400
63  0.043 98.834 0.088 97.530 0.086 97.400
64  0.043 98.870 0.087 97.420 0.086 97.400
65  0.042 98.868 0.087 97.580 0.085 97.490
66  0.042 98.870 0.086 97.610 0.085 97.490
67  0.041 98.916 0.087 97.550 0.085 97.490
68  0.041 98.932 0.086 97.590 0.085 97.490
69  0.040 98.934 0.086 97.550 0.085 97.490
70  0.040 98.958 0.086 97.660 0.084 97.430
71  0.040 98.964 0.086 97.660 0.084 97.430
72  0.039 98.992 0.086 97.590 0.084 97.430
73  0.039 99.018 0.086 97.620 0.084 97.430
74  0.039 99.022 0.085 97.630 0.084 97.430
75  0.038 99.026 0.085 97.630 0.084 97.430
76  0.038 99.060 0.085 97.610 0.084 97.430
77  0.037 99.052 0.085 97.610 0.084 97.430
78  0.037 99.068 0.086 97.630 0.084 97.430
79  0.037 99.076 0.085 97.680 0.083 97.480
80  0.036 99.084 0.085 97.660 0.083 97.480
81  0.036 99.096 0.084 97.700 0.082 97.510
82  0.035 99.132 0.086 97.660 0.082 97.510
83  0.035 99.152 0.084 97.680 0.082 97.510
84  0.035 99.142 0.084 97.650 0.082 97.510
85  0.034 99.158 0.084 97.640 0.082 97.510
86  0.034 99.174 0.084 97.650 0.082 97.510
87  0.034 99.170 0.083 97.700 0.082 97.510
88  0.034 99.182 0.084 97.650 0.082 97.510
89  0.033 99.218 0.084 97.680 0.082 97.510
90  0.033 99.218 0.084 97.700 0.082 97.510
91  0.033 99.224 0.083 97.720 0.081 97.460
92  0.032 99.236 0.083 97.740 0.082 97.470
93  0.032 99.258 0.083 97.710 0.082 97.470
94  0.032 99.256 0.083 97.690 0.082 97.470
95  0.031 99.272 0.083 97.740 0.081 97.560
96  0.031 99.262 0.083 97.740 0.081 97.530
97  0.031 99.282 0.083 97.710 0.081 97.530
98  0.031 99.288 0.083 97.720 0.081 97.530
99  0.030 99.312 0.083 97.730 0.081 97.530
100  0.030 99.308 0.083 97.690 0.081 97.530
101  0.030 99.328 0.082 97.750 0.081 97.510
102  0.030 99.336 0.083 97.740 0.081 97.510
103  0.029 99.352 0.083 97.680 0.081 97.510
104  0.029 99.356 0.082 97.750 0.081 97.510
105  0.029 99.350 0.083 97.740 0.081 97.510
106  0.029 99.360 0.083 97.740 0.081 97.510
107  0.028 99.362 0.082 97.700 0.081 97.510
108  0.028 99.406 0.082 97.720 0.081 97.510
109  0.028 99.408 0.083 97.690 0.081 97.510
110  0.028 99.402 0.084 97.690 0.081 97.510
111  0.027 99.418 0.082 97.700 0.081 97.510
112  0.027 99.434 0.082 97.770 0.080 97.550
113  0.027 99.442 0.082 97.730 0.080 97.550
114  0.027 99.444 0.082 97.700 0.080 97.550
115  0.026 99.450 0.082 97.720 0.080 97.550
116  0.026 99.456 0.082 97.770 0.080 97.540
117  0.026 99.470 0.082 97.740 0.080 97.540
118  0.026 99.470 0.083 97.750 0.080 97.540
119  0.026 99.488 0.082 97.730 0.080 97.540
120  0.025 99.480 0.082 97.740 0.080 97.540
121  0.025 99.488 0.083 97.720 0.080 97.540
122  0.025 99.512 0.083 97.750 0.080 97.540
123  0.025 99.514 0.082 97.740 0.080 97.540
124  0.024 99.514 0.082 97.750 0.080 97.540
125  0.024 99.522 0.082 97.750 0.080 97.540
126  0.024 99.536 0.082 97.730 0.080 97.540
127  0.024 99.508 0.083 97.730 0.080 97.540
128  0.024 99.540 0.082 97.720 0.080 97.540
129  0.024 99.544 0.082 97.770 0.080 97.540
130  0.023 99.544 0.082 97.780 0.080 97.530
131  0.023 99.580 0.082 97.760 0.080 97.530
132  0.023 99.558 0.082 97.710 0.080 97.530
133  0.023 99.546 0.083 97.740 0.080 97.530
134  0.023 99.566 0.083 97.750 0.080 97.530
135  0.022 99.574 0.083 97.750 0.080 97.530
136  0.022 99.562 0.082 97.770 0.080 97.530
137  0.022 99.616 0.082 97.760 0.080 97.530
138  0.022 99.598 0.083 97.740 0.080 97.530
139  0.022 99.612 0.082 97.710 0.080 97.530
140  0.022 99.604 0.082 97.750 0.080 97.530
141  0.021 99.610 0.082 97.750 0.080 97.530
142  0.021 99.614 0.082 97.780 0.080 97.570
143  0.021 99.614 0.083 97.750 0.080 97.570
144  0.021 99.630 0.082 97.780 0.080 97.570
145  0.021 99.624 0.083 97.750 0.080 97.570
146  0.021 99.646 0.082 97.710 0.080 97.570
147  0.020 99.624 0.082 97.760 0.080 97.570
148  0.020 99.650 0.082 97.700 0.080 97.570
149  0.020 99.650 0.083 97.670 0.080 97.570
150  0.020 99.650 0.082 97.730 0.080 97.570
151  0.020 99.652 0.083 97.720 0.080 97.570
152  0.020 99.646 0.083 97.720 0.080 97.570
153  0.020 99.664 0.084 97.700 0.080 97.570
154  0.019 99.666 0.083 97.780 0.080 97.570
155  0.019 99.666 0.083 97.740 0.080 97.570
156  0.019 99.668 0.083 97.730 0.080 97.570
157  0.019 99.678 0.083 97.740 0.080 97.570
158  0.019 99.696 0.083 97.750 0.080 97.570
159  0.019 99.686 0.083 97.760 0.080 97.570
160  0.019 99.684 0.083 97.740 0.080 97.570
161  0.018 99.696 0.083 97.720 0.080 97.570
162  0.018 99.698 0.083 97.730 0.080 97.570
163  0.018 99.704 0.083 97.720 0.080 97.570
164  0.018 99.714 0.083 97.750 0.080 97.570
165  0.018 99.726 0.083 97.690 0.080 97.570
166  0.018 99.712 0.083 97.700 0.080 97.570
167  0.018 99.714 0.083 97.700 0.080 97.570
168  0.018 99.734 0.084 97.700 0.080 97.570
169  0.017 99.728 0.083 97.740 0.080 97.570
170  0.017 99.726 0.083 97.740 0.080 97.570
171  0.017 99.738 0.083 97.730 0.080 97.570
172  0.017 99.732 0.083 97.740 0.080 97.570
173  0.017 99.738 0.084 97.690 0.080 97.570
174  0.017 99.750 0.084 97.680 0.080 97.570
175  0.017 99.758 0.083 97.690 0.080 97.570
176  0.017 99.772 0.083 97.690 0.080 97.570
177  0.016 99.750 0.083 97.700 0.080 97.570
178  0.016 99.770 0.084 97.750 0.080 97.570
179  0.016 99.770 0.083 97.670 0.080 97.570
180  0.016 99.778 0.084 97.680 0.080 97.570
181  0.016 99.774 0.084 97.670 0.080 97.570
182  0.016 99.770 0.084 97.690 0.080 97.570
183  0.016 99.792 0.084 97.690 0.080 97.570
184  0.016 99.790 0.085 97.700 0.080 97.570
185  0.015 99.782 0.085 97.680 0.080 97.570
186  0.015 99.788 0.084 97.740 0.080 97.570
187  0.015 99.790 0.084 97.700 0.080 97.570
188  0.015 99.800 0.084 97.680 0.080 97.570
189  0.015 99.788 0.085 97.700 0.080 97.570
190  0.015 99.802 0.084 97.720 0.080 97.570
191  0.015 99.802 0.084 97.660 0.080 97.570
192  0.015 99.804 0.085 97.710 0.080 97.570
193  0.015 99.806 0.084 97.710 0.080 97.570
194  0.014 99.802 0.086 97.630 0.080 97.570
195  0.014 99.816 0.084 97.670 0.080 97.570
196  0.014 99.818 0.085 97.680 0.080 97.570
197  0.014 99.820 0.084 97.720 0.080 97.570
198  0.014 99.826 0.085 97.640 0.080 97.570
199  0.014 99.826 0.085 97.640 0.080 97.570
