0  0.503 91.966 0.172 96.150 0.176 95.840
1  0.140 96.960 0.131 96.820 0.134 96.640
2  0.107 97.490 0.114 97.160 0.115 97.060
3  0.090 97.862 0.103 97.400 0.104 97.140
4  0.079 98.134 0.097 97.580 0.097 97.350
5  0.071 98.274 0.092 97.600 0.092 97.450
6  0.065 98.454 0.089 97.680 0.088 97.510
7  0.060 98.578 0.086 97.750 0.085 97.570
8  0.056 98.660 0.084 97.720 0.085 97.570
9  0.053 98.776 0.082 97.790 0.081 97.630
10  0.050 98.874 0.081 97.850 0.079 97.710
11  0.047 98.940 0.079 97.850 0.079 97.710
12  0.045 98.986 0.077 97.890 0.076 97.740
13  0.043 99.042 0.077 97.890 0.076 97.740
14  0.041 99.078 0.076 97.940 0.074 97.830
15  0.039 99.112 0.075 97.950 0.073 97.790
16  0.038 99.162 0.074 97.950 0.073 97.790
17  0.036 99.218 0.074 97.890 0.073 97.790
18  0.035 99.248 0.073 98.000 0.072 97.810
19  0.034 99.262 0.072 97.960 0.072 97.810
20  0.033 99.288 0.072 97.960 0.072 97.810
21  0.032 99.312 0.072 97.960 0.072 97.810
22  0.031 99.334 0.072 98.030 0.070 97.850
23  0.030 99.390 0.072 97.960 0.070 97.850
24  0.029 99.402 0.072 97.960 0.070 97.850
25  0.028 99.434 0.071 98.000 0.070 97.850
26  0.027 99.450 0.070 97.990 0.070 97.850
27  0.027 99.462 0.071 98.010 0.070 97.850
28  0.026 99.486 0.070 98.030 0.070 97.850
29  0.025 99.528 0.071 97.960 0.070 97.850
30  0.024 99.530 0.070 98.090 0.068 97.950
31  0.024 99.530 0.070 98.100 0.068 97.900
32  0.023 99.562 0.070 98.070 0.068 97.900
33  0.023 99.602 0.070 98.030 0.068 97.900
34  0.022 99.596 0.070 98.030 0.068 97.900
35  0.022 99.620 0.069 98.120 0.067 97.960
36  0.021 99.636 0.069 98.090 0.067 97.960
37  0.021 99.660 0.069 98.080 0.067 97.960
38  0.020 99.662 0.069 98.100 0.067 97.960
39  0.020 99.682 0.070 98.090 0.067 97.960
40  0.019 99.682 0.069 98.090 0.067 97.960
41  0.019 99.718 0.070 98.110 0.067 97.960
42  0.019 99.718 0.069 98.090 0.067 97.960
43  0.018 99.736 0.069 98.070 0.067 97.960
44  0.018 99.734 0.069 98.120 0.067 97.960
45  0.017 99.758 0.069 98.160 0.066 97.980
46  0.017 99.756 0.069 98.120 0.066 97.980
47  0.017 99.798 0.070 98.040 0.066 97.980
48  0.016 99.778 0.069 98.150 0.066 97.980
49  0.016 99.788 0.069 98.170 0.066 97.980
50  0.016 99.794 0.068 98.180 0.066 97.970
51  0.016 99.808 0.069 98.120 0.066 97.970
52  0.015 99.824 0.069 98.100 0.066 97.970
53  0.015 99.820 0.069 98.110 0.066 97.970
54  0.015 99.814 0.070 98.160 0.066 97.970
55  0.014 99.834 0.069 98.130 0.066 97.970
56  0.014 99.840 0.069 98.150 0.066 97.970
57  0.014 99.832 0.069 98.110 0.066 97.970
58  0.014 99.844 0.069 98.140 0.066 97.970
59  0.013 99.852 0.069 98.140 0.066 97.970
60  0.013 99.856 0.069 98.130 0.066 97.970
61  0.013 99.854 0.069 98.230 0.065 98.060
62  0.013 99.862 0.070 98.130 0.065 98.060
63  0.013 99.872 0.069 98.130 0.065 98.060
64  0.012 99.876 0.070 98.200 0.065 98.060
65  0.012 99.886 0.070 98.140 0.065 98.060
66  0.012 99.876 0.070 98.180 0.065 98.060
67  0.012 99.890 0.070 98.180 0.065 98.060
68  0.012 99.888 0.070 98.210 0.065 98.060
69  0.011 99.890 0.069 98.110 0.065 98.060
70  0.011 99.900 0.070 98.160 0.065 98.060
71  0.011 99.900 0.070 98.190 0.065 98.060
72  0.011 99.908 0.069 98.170 0.065 98.060
73  0.011 99.904 0.070 98.200 0.065 98.060
74  0.011 99.912 0.070 98.160 0.065 98.060
75  0.010 99.906 0.070 98.190 0.065 98.060
76  0.010 99.912 0.070 98.180 0.065 98.060
77  0.010 99.916 0.070 98.190 0.065 98.060
78  0.010 99.916 0.070 98.170 0.065 98.060
79  0.010 99.922 0.070 98.190 0.065 98.060
80  0.010 99.922 0.071 98.130 0.065 98.060
81  0.009 99.926 0.071 98.190 0.065 98.060
82  0.009 99.924 0.070 98.180 0.065 98.060
83  0.009 99.928 0.071 98.190 0.065 98.060
84  0.009 99.930 0.070 98.190 0.065 98.060
85  0.009 99.926 0.070 98.180 0.065 98.060
86  0.009 99.936 0.070 98.180 0.065 98.060
87  0.009 99.942 0.071 98.180 0.065 98.060
88  0.009 99.946 0.071 98.220 0.065 98.060
89  0.008 99.942 0.071 98.150 0.065 98.060
90  0.008 99.946 0.071 98.170 0.065 98.060
91  0.008 99.948 0.071 98.170 0.065 98.060
92  0.008 99.950 0.071 98.210 0.065 98.060
93  0.008 99.946 0.071 98.140 0.065 98.060
94  0.008 99.952 0.071 98.200 0.065 98.060
95  0.008 99.952 0.072 98.130 0.065 98.060
96  0.008 99.952 0.071 98.190 0.065 98.060
97  0.008 99.944 0.071 98.190 0.065 98.060
98  0.008 99.954 0.071 98.200 0.065 98.060
99  0.007 99.960 0.071 98.200 0.065 98.060
100  0.007 99.960 0.072 98.200 0.065 98.060
101  0.007 99.954 0.072 98.150 0.065 98.060
102  0.007 99.966 0.072 98.210 0.065 98.060
103  0.007 99.960 0.072 98.150 0.065 98.060
104  0.007 99.964 0.071 98.160 0.065 98.060
105  0.007 99.968 0.072 98.180 0.065 98.060
106  0.007 99.964 0.072 98.170 0.065 98.060
107  0.007 99.968 0.072 98.180 0.065 98.060
108  0.007 99.962 0.072 98.200 0.065 98.060
109  0.007 99.968 0.072 98.210 0.065 98.060
110  0.007 99.966 0.072 98.180 0.065 98.060
111  0.006 99.974 0.072 98.170 0.065 98.060
112  0.006 99.972 0.072 98.210 0.065 98.060
113  0.006 99.976 0.072 98.140 0.065 98.060
114  0.006 99.972 0.073 98.150 0.065 98.060
115  0.006 99.972 0.072 98.170 0.065 98.060
116  0.006 99.976 0.073 98.170 0.065 98.060
117  0.006 99.978 0.072 98.160 0.065 98.060
118  0.006 99.974 0.073 98.200 0.065 98.060
119  0.006 99.976 0.073 98.180 0.065 98.060
120  0.006 99.974 0.073 98.180 0.065 98.060
121  0.006 99.974 0.073 98.170 0.065 98.060
122  0.006 99.982 0.073 98.130 0.065 98.060
123  0.006 99.984 0.073 98.190 0.065 98.060
124  0.006 99.980 0.073 98.180 0.065 98.060
125  0.006 99.976 0.073 98.170 0.065 98.060
126  0.006 99.984 0.073 98.160 0.065 98.060
127  0.005 99.980 0.073 98.160 0.065 98.060
128  0.005 99.984 0.073 98.180 0.065 98.060
129  0.005 99.984 0.073 98.150 0.065 98.060
130  0.005 99.982 0.073 98.170 0.065 98.060
131  0.005 99.986 0.073 98.140 0.065 98.060
132  0.005 99.986 0.074 98.150 0.065 98.060
133  0.005 99.986 0.074 98.170 0.065 98.060
134  0.005 99.982 0.074 98.190 0.065 98.060
135  0.005 99.984 0.074 98.200 0.065 98.060
136  0.005 99.986 0.074 98.190 0.065 98.060
137  0.005 99.986 0.074 98.210 0.065 98.060
138  0.005 99.984 0.074 98.150 0.065 98.060
139  0.005 99.986 0.074 98.140 0.065 98.060
140  0.005 99.984 0.074 98.150 0.065 98.060
141  0.005 99.986 0.074 98.180 0.065 98.060
142  0.005 99.986 0.074 98.180 0.065 98.060
143  0.005 99.986 0.074 98.150 0.065 98.060
144  0.005 99.986 0.074 98.180 0.065 98.060
145  0.005 99.986 0.074 98.190 0.065 98.060
146  0.005 99.988 0.074 98.190 0.065 98.060
147  0.005 99.986 0.074 98.160 0.065 98.060
148  0.004 99.988 0.074 98.140 0.065 98.060
149  0.004 99.988 0.074 98.180 0.065 98.060
150  0.004 99.988 0.075 98.170 0.065 98.060
151  0.004 99.990 0.075 98.180 0.065 98.060
152  0.004 99.988 0.075 98.150 0.065 98.060
153  0.004 99.990 0.074 98.170 0.065 98.060
154  0.004 99.988 0.074 98.160 0.065 98.060
155  0.004 99.992 0.075 98.190 0.065 98.060
156  0.004 99.990 0.075 98.150 0.065 98.060
157  0.004 99.994 0.075 98.180 0.065 98.060
158  0.004 99.992 0.075 98.130 0.065 98.060
159  0.004 99.990 0.075 98.180 0.065 98.060
160  0.004 99.994 0.076 98.200 0.065 98.060
161  0.004 99.996 0.075 98.170 0.065 98.060
162  0.004 99.994 0.075 98.170 0.065 98.060
163  0.004 99.994 0.075 98.200 0.065 98.060
164  0.004 99.994 0.075 98.160 0.065 98.060
165  0.004 99.996 0.075 98.140 0.065 98.060
166  0.004 99.994 0.075 98.190 0.065 98.060
167  0.004 99.994 0.076 98.160 0.065 98.060
168  0.004 99.994 0.076 98.230 0.065 98.060
169  0.004 99.994 0.076 98.150 0.065 98.060
170  0.004 99.994 0.076 98.200 0.065 98.060
171  0.004 99.996 0.076 98.170 0.065 98.060
172  0.004 99.994 0.076 98.190 0.065 98.060
173  0.004 99.996 0.076 98.190 0.065 98.060
174  0.004 99.996 0.076 98.190 0.065 98.060
175  0.004 99.994 0.076 98.200 0.065 98.060
176  0.004 99.996 0.076 98.190 0.065 98.060
177  0.004 99.996 0.076 98.200 0.065 98.060
178  0.003 99.996 0.076 98.190 0.065 98.060
179  0.003 99.996 0.076 98.200 0.065 98.060
180  0.003 99.996 0.076 98.210 0.065 98.060
181  0.003 99.996 0.076 98.210 0.065 98.060
182  0.003 99.996 0.076 98.180 0.065 98.060
183  0.003 99.998 0.076 98.160 0.065 98.060
184  0.003 99.996 0.076 98.200 0.065 98.060
185  0.003 99.996 0.077 98.210 0.065 98.060
186  0.003 99.996 0.076 98.200 0.065 98.060
187  0.003 99.996 0.077 98.180 0.065 98.060
188  0.003 99.996 0.077 98.160 0.065 98.060
189  0.003 99.996 0.077 98.150 0.065 98.060
190  0.003 99.996 0.077 98.170 0.065 98.060
191  0.003 99.998 0.077 98.200 0.065 98.060
192  0.003 99.996 0.077 98.190 0.065 98.060
193  0.003 99.998 0.077 98.160 0.065 98.060
194  0.003 99.998 0.077 98.190 0.065 98.060
195  0.003 99.998 0.077 98.190 0.065 98.060
196  0.003 99.996 0.077 98.150 0.065 98.060
197  0.003 99.998 0.077 98.180 0.065 98.060
198  0.003 99.998 0.077 98.170 0.065 98.060
199  0.003 99.998 0.077 98.170 0.065 98.060
