0  0.481 92.050 0.154 96.410 0.159 96.210
1  0.124 97.160 0.118 97.120 0.119 96.930
2  0.093 97.782 0.102 97.350 0.103 97.340
3  0.076 98.184 0.093 97.650 0.094 97.490
4  0.066 98.426 0.087 97.790 0.086 97.570
5  0.058 98.600 0.083 97.860 0.082 97.670
6  0.052 98.800 0.079 97.850 0.082 97.670
7  0.048 98.946 0.077 97.890 0.076 97.740
8  0.044 99.048 0.076 97.920 0.074 97.750
9  0.041 99.134 0.075 97.970 0.072 97.890
10  0.038 99.192 0.073 97.940 0.072 97.890
11  0.035 99.260 0.073 98.000 0.070 97.950
12  0.033 99.318 0.071 98.050 0.069 97.940
13  0.031 99.374 0.070 98.150 0.068 98.030
14  0.029 99.428 0.070 98.040 0.068 98.030
15  0.028 99.488 0.069 98.120 0.068 98.030
16  0.026 99.534 0.069 98.120 0.068 98.030
17  0.025 99.578 0.068 98.120 0.068 98.030
18  0.024 99.604 0.068 98.100 0.068 98.030
19  0.023 99.622 0.068 98.140 0.068 98.030
20  0.022 99.642 0.068 98.140 0.068 98.030
21  0.021 99.682 0.068 98.150 0.068 98.030
22  0.020 99.716 0.067 98.190 0.063 98.050
23  0.019 99.728 0.068 98.120 0.063 98.050
24  0.018 99.750 0.067 98.150 0.063 98.050
25  0.018 99.766 0.066 98.160 0.063 98.050
26  0.017 99.794 0.067 98.160 0.063 98.050
27  0.016 99.806 0.066 98.220 0.062 98.040
28  0.016 99.812 0.067 98.220 0.062 98.060
29  0.015 99.840 0.067 98.170 0.062 98.060
30  0.015 99.860 0.067 98.100 0.062 98.060
31  0.014 99.862 0.067 98.160 0.062 98.060
32  0.014 99.858 0.066 98.230 0.062 98.040
33  0.013 99.872 0.067 98.190 0.062 98.040
34  0.013 99.868 0.067 98.230 0.062 98.040
35  0.012 99.888 0.067 98.260 0.062 98.030
36  0.012 99.894 0.067 98.170 0.062 98.030
37  0.012 99.906 0.067 98.270 0.062 98.050
38  0.011 99.902 0.067 98.250 0.062 98.050
39  0.011 99.908 0.067 98.250 0.062 98.050
40  0.010 99.912 0.068 98.200 0.062 98.050
41  0.010 99.920 0.067 98.250 0.062 98.050
42  0.010 99.916 0.067 98.210 0.062 98.050
43  0.010 99.922 0.067 98.240 0.062 98.050
44  0.009 99.934 0.067 98.230 0.062 98.050
45  0.009 99.936 0.068 98.290 0.063 98.060
46  0.009 99.936 0.068 98.310 0.063 98.070
47  0.009 99.938 0.068 98.270 0.063 98.070
48  0.008 99.948 0.068 98.240 0.063 98.070
49  0.008 99.950 0.068 98.250 0.063 98.070
50  0.008 99.954 0.068 98.240 0.063 98.070
51  0.008 99.952 0.069 98.280 0.063 98.070
52  0.008 99.956 0.069 98.220 0.063 98.070
53  0.007 99.958 0.069 98.270 0.063 98.070
54  0.007 99.962 0.069 98.280 0.063 98.070
55  0.007 99.966 0.069 98.190 0.063 98.070
56  0.007 99.970 0.069 98.300 0.063 98.070
57  0.007 99.970 0.069 98.250 0.063 98.070
58  0.007 99.974 0.069 98.270 0.063 98.070
59  0.006 99.974 0.069 98.230 0.063 98.070
60  0.006 99.972 0.070 98.270 0.063 98.070
61  0.006 99.978 0.070 98.210 0.063 98.070
62  0.006 99.976 0.070 98.230 0.063 98.070
63  0.006 99.980 0.069 98.230 0.063 98.070
64  0.006 99.980 0.070 98.200 0.063 98.070
65  0.006 99.978 0.070 98.200 0.063 98.070
66  0.006 99.982 0.070 98.240 0.063 98.070
67  0.005 99.984 0.070 98.250 0.063 98.070
68  0.005 99.984 0.071 98.200 0.063 98.070
69  0.005 99.982 0.070 98.240 0.063 98.070
70  0.005 99.984 0.070 98.230 0.063 98.070
71  0.005 99.984 0.071 98.240 0.063 98.070
72  0.005 99.984 0.071 98.280 0.063 98.070
73  0.005 99.986 0.071 98.230 0.063 98.070
74  0.005 99.986 0.071 98.240 0.063 98.070
75  0.005 99.988 0.071 98.230 0.063 98.070
76  0.005 99.986 0.071 98.160 0.063 98.070
77  0.005 99.988 0.071 98.230 0.063 98.070
78  0.004 99.988 0.071 98.220 0.063 98.070
79  0.004 99.988 0.071 98.220 0.063 98.070
80  0.004 99.990 0.072 98.220 0.063 98.070
81  0.004 99.988 0.071 98.230 0.063 98.070
82  0.004 99.990 0.072 98.230 0.063 98.070
83  0.004 99.992 0.072 98.220 0.063 98.070
84  0.004 99.990 0.072 98.220 0.063 98.070
85  0.004 99.990 0.072 98.230 0.063 98.070
86  0.004 99.992 0.072 98.210 0.063 98.070
87  0.004 99.992 0.072 98.230 0.063 98.070
88  0.004 99.992 0.073 98.220 0.063 98.070
89  0.004 99.992 0.072 98.210 0.063 98.070
90  0.004 99.992 0.072 98.210 0.063 98.070
91  0.004 99.994 0.073 98.220 0.063 98.070
92  0.004 99.994 0.073 98.220 0.063 98.070
93  0.004 99.996 0.073 98.220 0.063 98.070
94  0.003 99.996 0.073 98.260 0.063 98.070
95  0.003 99.994 0.073 98.200 0.063 98.070
96  0.003 99.996 0.073 98.210 0.063 98.070
97  0.003 99.998 0.073 98.220 0.063 98.070
98  0.003 99.992 0.073 98.220 0.063 98.070
99  0.003 99.996 0.073 98.200 0.063 98.070
100  0.003 99.998 0.074 98.190 0.063 98.070
101  0.003 99.996 0.074 98.250 0.063 98.070
102  0.003 99.996 0.074 98.200 0.063 98.070
103  0.003 99.996 0.074 98.230 0.063 98.070
104  0.003 99.998 0.074 98.180 0.063 98.070
105  0.003 99.998 0.074 98.220 0.063 98.070
106  0.003 99.998 0.074 98.200 0.063 98.070
107  0.003 99.998 0.074 98.190 0.063 98.070
108  0.003 99.998 0.074 98.220 0.063 98.070
109  0.003 99.998 0.074 98.220 0.063 98.070
110  0.003 99.998 0.074 98.190 0.063 98.070
111  0.003 99.998 0.075 98.200 0.063 98.070
112  0.003 99.998 0.075 98.210 0.063 98.070
113  0.003 99.998 0.075 98.210 0.063 98.070
114  0.003 99.998 0.075 98.220 0.063 98.070
115  0.003 99.998 0.075 98.220 0.063 98.070
116  0.003 99.996 0.075 98.220 0.063 98.070
117  0.003 99.998 0.075 98.240 0.063 98.070
118  0.003 99.998 0.075 98.220 0.063 98.070
119  0.003 99.998 0.075 98.220 0.063 98.070
120  0.002 99.998 0.075 98.210 0.063 98.070
121  0.002 99.998 0.076 98.200 0.063 98.070
122  0.002 99.998 0.075 98.240 0.063 98.070
123  0.002 99.998 0.075 98.220 0.063 98.070
124  0.002 99.998 0.076 98.200 0.063 98.070
125  0.002 99.998 0.076 98.210 0.063 98.070
126  0.002 99.998 0.076 98.210 0.063 98.070
127  0.002 99.998 0.076 98.210 0.063 98.070
128  0.002 99.998 0.076 98.190 0.063 98.070
129  0.002 99.998 0.076 98.200 0.063 98.070
130  0.002 99.998 0.076 98.210 0.063 98.070
131  0.002 99.998 0.076 98.200 0.063 98.070
132  0.002 99.998 0.076 98.200 0.063 98.070
133  0.002 99.998 0.076 98.220 0.063 98.070
134  0.002 100.000 0.077 98.210 0.063 98.070
135  0.002 99.998 0.076 98.210 0.063 98.070
136  0.002 100.000 0.076 98.210 0.063 98.070
137  0.002 100.000 0.077 98.200 0.063 98.070
138  0.002 100.000 0.077 98.210 0.063 98.070
139  0.002 100.000 0.077 98.210 0.063 98.070
140  0.002 100.000 0.077 98.220 0.063 98.070
141  0.002 99.998 0.077 98.220 0.063 98.070
142  0.002 100.000 0.077 98.200 0.063 98.070
143  0.002 100.000 0.077 98.190 0.063 98.070
144  0.002 100.000 0.077 98.200 0.063 98.070
145  0.002 100.000 0.077 98.230 0.063 98.070
146  0.002 100.000 0.077 98.230 0.063 98.070
147  0.002 100.000 0.077 98.210 0.063 98.070
148  0.002 100.000 0.077 98.230 0.063 98.070
149  0.002 100.000 0.078 98.200 0.063 98.070
150  0.002 100.000 0.077 98.210 0.063 98.070
151  0.002 100.000 0.078 98.220 0.063 98.070
152  0.002 100.000 0.077 98.190 0.063 98.070
153  0.002 100.000 0.078 98.210 0.063 98.070
154  0.002 100.000 0.078 98.220 0.063 98.070
155  0.002 100.000 0.078 98.180 0.063 98.070
156  0.002 100.000 0.078 98.180 0.063 98.070
157  0.002 100.000 0.078 98.210 0.063 98.070
158  0.002 100.000 0.078 98.230 0.063 98.070
159  0.002 100.000 0.078 98.220 0.063 98.070
160  0.002 100.000 0.078 98.210 0.063 98.070
161  0.002 100.000 0.078 98.200 0.063 98.070
162  0.002 100.000 0.079 98.190 0.063 98.070
163  0.002 100.000 0.078 98.180 0.063 98.070
164  0.002 100.000 0.078 98.210 0.063 98.070
165  0.002 100.000 0.079 98.200 0.063 98.070
166  0.002 100.000 0.079 98.210 0.063 98.070
167  0.002 100.000 0.079 98.220 0.063 98.070
168  0.002 100.000 0.079 98.210 0.063 98.070
169  0.002 100.000 0.079 98.200 0.063 98.070
170  0.002 100.000 0.079 98.190 0.063 98.070
171  0.002 100.000 0.079 98.210 0.063 98.070
172  0.002 100.000 0.079 98.200 0.063 98.070
173  0.002 100.000 0.079 98.230 0.063 98.070
174  0.002 100.000 0.079 98.210 0.063 98.070
175  0.002 100.000 0.079 98.210 0.063 98.070
176  0.001 100.000 0.079 98.180 0.063 98.070
177  0.001 100.000 0.079 98.190 0.063 98.070
178  0.001 100.000 0.080 98.210 0.063 98.070
179  0.001 100.000 0.079 98.190 0.063 98.070
180  0.001 100.000 0.079 98.210 0.063 98.070
181  0.001 100.000 0.079 98.230 0.063 98.070
182  0.001 100.000 0.080 98.210 0.063 98.070
183  0.001 100.000 0.080 98.180 0.063 98.070
184  0.001 100.000 0.080 98.220 0.063 98.070
185  0.001 100.000 0.080 98.220 0.063 98.070
186  0.001 100.000 0.080 98.170 0.063 98.070
187  0.001 100.000 0.080 98.200 0.063 98.070
188  0.001 100.000 0.080 98.220 0.063 98.070
189  0.001 100.000 0.080 98.180 0.063 98.070
190  0.001 100.000 0.080 98.190 0.063 98.070
191  0.001 100.000 0.080 98.200 0.063 98.070
192  0.001 100.000 0.080 98.220 0.063 98.070
193  0.001 100.000 0.080 98.190 0.063 98.070
194  0.001 100.000 0.080 98.180 0.063 98.070
195  0.001 100.000 0.080 98.200 0.063 98.070
196  0.001 100.000 0.081 98.200 0.063 98.070
197  0.001 100.000 0.080 98.200 0.063 98.070
198  0.001 100.000 0.081 98.210 0.063 98.070
199  0.001 100.000 0.081 98.200 0.063 98.070
