0  0.512 91.992 0.177 96.180 0.182 95.870
1  0.145 96.936 0.134 96.880 0.137 96.530
2  0.111 97.492 0.116 97.210 0.118 96.870
3  0.093 97.828 0.106 97.270 0.107 97.040
4  0.082 98.064 0.099 97.440 0.100 97.310
5  0.074 98.268 0.095 97.610 0.095 97.480
6  0.067 98.380 0.091 97.620 0.091 97.500
7  0.062 98.516 0.088 97.710 0.087 97.560
8  0.058 98.604 0.085 97.740 0.085 97.560
9  0.055 98.704 0.084 97.750 0.083 97.570
10  0.052 98.790 0.082 97.850 0.081 97.630
11  0.049 98.856 0.080 97.860 0.079 97.700
12  0.047 98.928 0.079 97.890 0.078 97.680
13  0.045 98.950 0.078 97.840 0.078 97.680
14  0.043 99.024 0.077 97.900 0.076 97.800
15  0.041 99.058 0.076 97.920 0.075 97.730
16  0.040 99.096 0.076 97.950 0.074 97.770
17  0.038 99.130 0.076 97.900 0.074 97.770
18  0.037 99.172 0.075 97.970 0.073 97.790
19  0.036 99.202 0.074 97.940 0.073 97.790
20  0.035 99.214 0.074 97.920 0.073 97.790
21  0.034 99.268 0.074 97.930 0.073 97.790
22  0.033 99.312 0.073 97.950 0.073 97.790
23  0.032 99.312 0.073 97.940 0.073 97.790
24  0.031 99.358 0.073 97.930 0.073 97.790
25  0.030 99.346 0.073 97.980 0.071 97.820
26  0.029 99.390 0.072 97.950 0.071 97.820
27  0.029 99.406 0.072 97.990 0.069 97.850
28  0.028 99.444 0.072 98.020 0.069 97.840
29  0.027 99.440 0.072 98.030 0.069 97.890
30  0.027 99.464 0.072 98.000 0.069 97.890
31  0.026 99.488 0.072 97.960 0.069 97.890
32  0.025 99.488 0.071 98.010 0.069 97.890
33  0.025 99.530 0.072 97.990 0.069 97.890
34  0.024 99.518 0.071 97.970 0.069 97.890
35  0.024 99.562 0.072 98.050 0.068 97.900
36  0.023 99.552 0.071 98.000 0.068 97.900
37  0.023 99.566 0.071 98.020 0.068 97.900
38  0.022 99.586 0.071 98.040 0.068 97.900
39  0.022 99.606 0.071 97.960 0.068 97.900
40  0.021 99.608 0.071 97.980 0.068 97.900
41  0.021 99.616 0.071 98.070 0.067 97.930
42  0.021 99.648 0.071 98.050 0.067 97.930
43  0.020 99.648 0.071 98.040 0.067 97.930
44  0.020 99.666 0.071 98.010 0.067 97.930
45  0.019 99.668 0.071 98.040 0.067 97.930
46  0.019 99.694 0.071 98.050 0.067 97.930
47  0.019 99.712 0.071 97.980 0.067 97.930
48  0.018 99.716 0.070 98.030 0.067 97.930
49  0.018 99.728 0.070 98.030 0.067 97.930
50  0.018 99.752 0.070 98.040 0.067 97.930
51  0.018 99.762 0.070 98.040 0.067 97.930
52  0.017 99.776 0.070 98.100 0.066 97.940
53  0.017 99.778 0.070 98.070 0.066 97.940
54  0.017 99.780 0.070 98.060 0.066 97.940
55  0.016 99.794 0.070 98.000 0.066 97.940
56  0.016 99.788 0.070 98.040 0.066 97.940
57  0.016 99.806 0.071 98.040 0.066 97.940
58  0.016 99.810 0.070 98.080 0.066 97.940
59  0.015 99.816 0.071 98.020 0.066 97.940
60  0.015 99.820 0.070 98.110 0.066 97.990
61  0.015 99.816 0.071 98.020 0.066 97.990
62  0.015 99.824 0.071 98.010 0.066 97.990
63  0.014 99.836 0.070 98.080 0.066 97.990
64  0.014 99.840 0.071 98.040 0.066 97.990
65  0.014 99.834 0.071 98.060 0.066 97.990
66  0.014 99.864 0.071 98.040 0.066 97.990
67  0.014 99.852 0.071 98.070 0.066 97.990
68  0.013 99.854 0.071 98.060 0.066 97.990
69  0.013 99.860 0.071 98.030 0.066 97.990
70  0.013 99.864 0.071 98.060 0.066 97.990
71  0.013 99.874 0.071 98.020 0.066 97.990
72  0.013 99.868 0.071 98.140 0.066 98.020
73  0.012 99.880 0.071 98.070 0.066 98.020
74  0.012 99.886 0.071 98.050 0.066 98.020
75  0.012 99.890 0.071 98.090 0.066 98.020
76  0.012 99.890 0.071 98.070 0.066 98.020
77  0.012 99.890 0.071 98.100 0.066 98.020
78  0.012 99.888 0.071 98.070 0.066 98.020
79  0.011 99.888 0.071 98.070 0.066 98.020
80  0.011 99.904 0.072 98.070 0.066 98.020
81  0.011 99.898 0.072 98.110 0.066 98.020
82  0.011 99.896 0.072 98.080 0.066 98.020
83  0.011 99.908 0.072 98.050 0.066 98.020
84  0.011 99.910 0.071 98.100 0.066 98.020
85  0.011 99.906 0.072 98.110 0.066 98.020
86  0.010 99.918 0.072 98.100 0.066 98.020
87  0.010 99.914 0.072 98.070 0.066 98.020
88  0.010 99.920 0.072 98.090 0.066 98.020
89  0.010 99.926 0.072 98.060 0.066 98.020
90  0.010 99.924 0.072 98.070 0.066 98.020
91  0.010 99.924 0.072 98.060 0.066 98.020
92  0.010 99.914 0.072 98.050 0.066 98.020
93  0.010 99.930 0.072 98.060 0.066 98.020
94  0.009 99.928 0.072 98.090 0.066 98.020
95  0.009 99.926 0.072 98.060 0.066 98.020
96  0.009 99.928 0.073 98.070 0.066 98.020
97  0.009 99.934 0.072 98.100 0.066 98.020
98  0.009 99.930 0.073 98.070 0.066 98.020
99  0.009 99.934 0.072 98.120 0.066 98.020
100  0.009 99.936 0.073 98.110 0.066 98.020
101  0.009 99.936 0.073 98.110 0.066 98.020
102  0.009 99.936 0.073 98.070 0.066 98.020
103  0.009 99.942 0.073 98.090 0.066 98.020
104  0.008 99.940 0.073 98.090 0.066 98.020
105  0.008 99.944 0.073 98.090 0.066 98.020
106  0.008 99.944 0.073 98.120 0.066 98.020
107  0.008 99.942 0.073 98.120 0.066 98.020
108  0.008 99.948 0.073 98.120 0.066 98.020
109  0.008 99.946 0.073 98.120 0.066 98.020
110  0.008 99.946 0.073 98.080 0.066 98.020
111  0.008 99.950 0.073 98.120 0.066 98.020
112  0.008 99.950 0.073 98.090 0.066 98.020
113  0.008 99.944 0.073 98.110 0.066 98.020
114  0.008 99.948 0.074 98.070 0.066 98.020
115  0.008 99.952 0.073 98.080 0.066 98.020
116  0.007 99.952 0.073 98.070 0.066 98.020
117  0.007 99.954 0.073 98.130 0.066 98.020
118  0.007 99.954 0.073 98.070 0.066 98.020
119  0.007 99.954 0.074 98.070 0.066 98.020
120  0.007 99.960 0.074 98.100 0.066 98.020
121  0.007 99.956 0.074 98.110 0.066 98.020
122  0.007 99.962 0.074 98.060 0.066 98.020
123  0.007 99.958 0.074 98.090 0.066 98.020
124  0.007 99.966 0.074 98.110 0.066 98.020
125  0.007 99.962 0.074 98.080 0.066 98.020
126  0.007 99.966 0.074 98.060 0.066 98.020
127  0.007 99.970 0.074 98.090 0.066 98.020
128  0.007 99.970 0.074 98.060 0.066 98.020
129  0.007 99.968 0.074 98.110 0.066 98.020
130  0.006 99.970 0.074 98.110 0.066 98.020
131  0.006 99.978 0.074 98.120 0.066 98.020
132  0.006 99.972 0.074 98.110 0.066 98.020
133  0.006 99.974 0.074 98.090 0.066 98.020
134  0.006 99.976 0.074 98.090 0.066 98.020
135  0.006 99.974 0.075 98.070 0.066 98.020
136  0.006 99.974 0.075 98.100 0.066 98.020
137  0.006 99.974 0.075 98.110 0.066 98.020
138  0.006 99.978 0.075 98.110 0.066 98.020
139  0.006 99.980 0.075 98.080 0.066 98.020
140  0.006 99.978 0.075 98.100 0.066 98.020
141  0.006 99.980 0.075 98.100 0.066 98.020
142  0.006 99.974 0.075 98.110 0.066 98.020
143  0.006 99.978 0.075 98.110 0.066 98.020
144  0.006 99.980 0.075 98.100 0.066 98.020
145  0.006 99.978 0.075 98.100 0.066 98.020
146  0.006 99.982 0.075 98.050 0.066 98.020
147  0.006 99.980 0.075 98.090 0.066 98.020
148  0.006 99.984 0.075 98.100 0.066 98.020
149  0.005 99.978 0.075 98.100 0.066 98.020
150  0.005 99.980 0.076 98.070 0.066 98.020
151  0.005 99.980 0.076 98.110 0.066 98.020
152  0.005 99.982 0.075 98.090 0.066 98.020
153  0.005 99.984 0.075 98.090 0.066 98.020
154  0.005 99.986 0.075 98.150 0.068 98.020
155  0.005 99.982 0.076 98.100 0.068 98.020
156  0.005 99.984 0.076 98.090 0.068 98.020
157  0.005 99.986 0.076 98.100 0.068 98.020
158  0.005 99.986 0.076 98.120 0.068 98.020
159  0.005 99.986 0.076 98.100 0.068 98.020
160  0.005 99.986 0.076 98.110 0.068 98.020
161  0.005 99.984 0.076 98.090 0.068 98.020
162  0.005 99.986 0.076 98.090 0.068 98.020
163  0.005 99.984 0.076 98.130 0.068 98.020
164  0.005 99.986 0.076 98.100 0.068 98.020
165  0.005 99.988 0.076 98.100 0.068 98.020
166  0.005 99.986 0.076 98.110 0.068 98.020
167  0.005 99.984 0.076 98.130 0.068 98.020
168  0.005 99.986 0.077 98.130 0.068 98.020
169  0.005 99.986 0.077 98.090 0.068 98.020
170  0.005 99.986 0.076 98.110 0.068 98.020
171  0.005 99.988 0.077 98.090 0.068 98.020
172  0.005 99.984 0.076 98.120 0.068 98.020
173  0.005 99.986 0.077 98.140 0.068 98.020
174  0.005 99.986 0.077 98.120 0.068 98.020
175  0.004 99.984 0.077 98.130 0.068 98.020
176  0.004 99.986 0.077 98.140 0.068 98.020
177  0.004 99.988 0.077 98.160 0.069 97.990
178  0.004 99.986 0.077 98.110 0.069 97.990
179  0.004 99.988 0.077 98.100 0.069 97.990
180  0.004 99.988 0.077 98.140 0.069 97.990
181  0.004 99.986 0.077 98.130 0.069 97.990
182  0.004 99.988 0.077 98.100 0.069 97.990
183  0.004 99.986 0.077 98.120 0.069 97.990
184  0.004 99.986 0.077 98.160 0.069 98.020
185  0.004 99.988 0.077 98.110 0.069 98.020
186  0.004 99.986 0.077 98.150 0.069 98.020
187  0.004 99.990 0.078 98.100 0.069 98.020
188  0.004 99.990 0.077 98.080 0.069 98.020
189  0.004 99.990 0.078 98.160 0.069 98.020
190  0.004 99.990 0.077 98.140 0.069 98.020
191  0.004 99.988 0.078 98.160 0.069 98.020
192  0.004 99.990 0.078 98.130 0.069 98.020
193  0.004 99.992 0.078 98.130 0.069 98.020
194  0.004 99.990 0.078 98.170 0.070 97.990
195  0.004 99.990 0.077 98.140 0.070 97.990
196  0.004 99.992 0.078 98.110 0.070 97.990
197  0.004 99.990 0.078 98.130 0.070 97.990
198  0.004 99.992 0.078 98.150 0.070 97.990
199  0.004 99.990 0.078 98.150 0.070 97.990
