0  2.281 17.818 2.220 31.560 2.217 32.110
1  1.761 44.172 1.051 68.840 1.052 68.260
2  0.761 76.176 0.550 83.600 0.552 82.680
3  0.514 84.616 0.429 87.660 0.440 86.660
4  0.433 87.318 0.375 89.380 0.392 88.430
5  0.390 88.688 0.343 90.400 0.361 89.480
6  0.362 89.564 0.322 90.880 0.340 90.040
7  0.341 90.052 0.308 91.320 0.327 90.120
8  0.325 90.594 0.294 91.720 0.310 90.740
9  0.310 91.006 0.282 92.080 0.295 91.200
10  0.296 91.422 0.270 92.560 0.283 91.490
11  0.283 91.782 0.261 92.630 0.272 91.870
12  0.272 92.092 0.251 92.900 0.260 92.220
13  0.261 92.442 0.245 93.080 0.252 92.470
14  0.251 92.744 0.236 93.300 0.244 92.720
15  0.242 93.086 0.231 93.400 0.236 93.060
16  0.234 93.298 0.222 93.750 0.228 93.240
17  0.226 93.490 0.216 93.990 0.221 93.480
18  0.218 93.728 0.213 93.930 0.221 93.480
19  0.211 93.888 0.204 94.440 0.209 93.890
20  0.204 94.100 0.201 94.490 0.205 93.970
21  0.198 94.328 0.198 94.530 0.199 94.120
22  0.192 94.408 0.194 94.700 0.195 94.340
23  0.187 94.642 0.187 94.870 0.191 94.340
24  0.182 94.776 0.192 94.780 0.191 94.340
25  0.177 94.878 0.182 95.130 0.183 94.680
26  0.173 95.022 0.179 95.050 0.183 94.680
27  0.169 95.136 0.175 95.200 0.177 94.650
28  0.164 95.268 0.174 95.250 0.174 94.840
29  0.161 95.358 0.172 95.270 0.173 94.800
30  0.158 95.472 0.171 95.330 0.171 94.920
31  0.154 95.590 0.172 95.210 0.171 94.920
32  0.151 95.664 0.165 95.460 0.164 95.010
33  0.148 95.726 0.167 95.410 0.164 95.010
34  0.146 95.776 0.162 95.520 0.159 95.170
35  0.143 95.892 0.163 95.470 0.159 95.170
36  0.140 95.976 0.160 95.600 0.158 95.200
37  0.137 96.092 0.159 95.660 0.157 95.320
38  0.135 96.096 0.157 95.710 0.154 95.380
39  0.133 96.150 0.156 95.710 0.155 95.440
40  0.131 96.232 0.155 95.770 0.151 95.460
41  0.129 96.258 0.152 95.780 0.149 95.400
42  0.127 96.380 0.153 95.700 0.149 95.400
43  0.125 96.388 0.153 95.860 0.150 95.630
44  0.123 96.452 0.152 95.840 0.150 95.630
45  0.122 96.474 0.150 95.870 0.145 95.590
46  0.120 96.590 0.150 95.920 0.145 95.640
47  0.118 96.594 0.149 95.910 0.145 95.640
48  0.116 96.652 0.149 95.960 0.146 95.570
49  0.115 96.644 0.147 95.980 0.141 95.750
50  0.114 96.684 0.148 96.150 0.145 95.700
51  0.112 96.756 0.146 96.140 0.145 95.700
52  0.110 96.816 0.147 96.070 0.145 95.700
53  0.109 96.840 0.145 96.030 0.145 95.700
54  0.108 96.890 0.145 96.120 0.145 95.700
55  0.107 96.912 0.144 96.130 0.145 95.700
56  0.106 96.878 0.144 96.140 0.145 95.700
57  0.104 96.946 0.142 96.180 0.137 95.850
58  0.103 97.006 0.142 96.140 0.137 95.850
59  0.101 97.076 0.142 96.180 0.135 96.000
60  0.100 97.062 0.142 96.230 0.135 95.930
61  0.099 97.080 0.142 96.210 0.135 95.930
62  0.098 97.124 0.142 96.260 0.136 95.840
63  0.097 97.194 0.143 96.050 0.136 95.840
64  0.096 97.228 0.141 96.220 0.136 95.840
65  0.095 97.212 0.141 96.180 0.136 95.840
66  0.094 97.210 0.139 96.330 0.133 95.930
67  0.093 97.310 0.138 96.190 0.133 95.930
68  0.092 97.330 0.139 96.230 0.133 95.930
69  0.091 97.326 0.139 96.230 0.133 95.930
70  0.090 97.340 0.140 96.360 0.132 95.920
71  0.089 97.410 0.138 96.330 0.132 95.920
72  0.088 97.462 0.139 96.310 0.132 95.920
73  0.087 97.504 0.137 96.500 0.131 95.980
74  0.086 97.456 0.138 96.360 0.131 95.980
75  0.085 97.502 0.136 96.480 0.131 95.980
76  0.084 97.558 0.139 96.330 0.131 95.980
77  0.084 97.548 0.138 96.340 0.131 95.980
78  0.083 97.548 0.137 96.220 0.131 95.980
79  0.082 97.614 0.137 96.300 0.131 95.980
80  0.081 97.646 0.139 96.390 0.131 95.980
81  0.080 97.648 0.137 96.390 0.131 95.980
82  0.080 97.672 0.135 96.380 0.131 95.980
83  0.079 97.664 0.139 96.380 0.131 95.980
84  0.078 97.758 0.136 96.340 0.131 95.980
85  0.078 97.712 0.136 96.420 0.131 95.980
86  0.077 97.772 0.136 96.420 0.131 95.980
87  0.077 97.732 0.137 96.350 0.131 95.980
88  0.075 97.742 0.135 96.470 0.131 95.980
89  0.075 97.868 0.137 96.500 0.131 95.980
90  0.074 97.854 0.138 96.560 0.129 96.190
91  0.073 97.890 0.139 96.350 0.129 96.190
92  0.073 97.838 0.137 96.310 0.129 96.190
93  0.072 97.888 0.139 96.520 0.129 96.190
94  0.072 97.914 0.138 96.320 0.129 96.190
95  0.071 97.958 0.139 96.350 0.129 96.190
96  0.070 97.914 0.139 96.450 0.129 96.190
97  0.070 97.918 0.140 96.350 0.129 96.190
98  0.070 97.966 0.142 96.240 0.129 96.190
99  0.069 97.996 0.138 96.410 0.129 96.190
100  0.068 98.026 0.138 96.400 0.129 96.190
101  0.068 98.002 0.141 96.350 0.129 96.190
102  0.067 98.064 0.139 96.480 0.129 96.190
103  0.066 98.070 0.141 96.250 0.129 96.190
104  0.066 98.040 0.140 96.390 0.129 96.190
105  0.066 98.082 0.140 96.290 0.129 96.190
106  0.065 98.146 0.139 96.420 0.129 96.190
107  0.064 98.130 0.139 96.440 0.129 96.190
108  0.064 98.120 0.140 96.390 0.129 96.190
109  0.064 98.146 0.139 96.500 0.129 96.190
110  0.063 98.164 0.142 96.260 0.129 96.190
111  0.063 98.172 0.140 96.460 0.129 96.190
112  0.062 98.176 0.141 96.440 0.129 96.190
113  0.062 98.156 0.142 96.240 0.129 96.190
114  0.061 98.264 0.143 96.310 0.129 96.190
115  0.061 98.226 0.141 96.390 0.129 96.190
116  0.060 98.312 0.142 96.340 0.129 96.190
117  0.060 98.272 0.142 96.350 0.129 96.190
118  0.059 98.342 0.144 96.350 0.129 96.190
119  0.059 98.304 0.143 96.430 0.129 96.190
120  0.058 98.340 0.142 96.550 0.129 96.190
121  0.058 98.342 0.143 96.510 0.129 96.190
122  0.057 98.354 0.144 96.350 0.129 96.190
123  0.057 98.314 0.144 96.280 0.129 96.190
124  0.057 98.390 0.145 96.440 0.129 96.190
125  0.056 98.408 0.145 96.360 0.129 96.190
126  0.056 98.366 0.145 96.310 0.129 96.190
127  0.056 98.418 0.145 96.280 0.129 96.190
128  0.055 98.426 0.145 96.280 0.129 96.190
129  0.054 98.402 0.144 96.470 0.129 96.190
130  0.054 98.428 0.145 96.360 0.129 96.190
131  0.054 98.460 0.150 96.330 0.129 96.190
132  0.053 98.496 0.145 96.450 0.129 96.190
133  0.053 98.482 0.145 96.350 0.129 96.190
134  0.052 98.534 0.147 96.240 0.129 96.190
135  0.052 98.510 0.148 96.240 0.129 96.190
136  0.052 98.522 0.146 96.360 0.129 96.190
137  0.051 98.544 0.147 96.310 0.129 96.190
138  0.051 98.552 0.149 96.380 0.129 96.190
139  0.051 98.566 0.148 96.410 0.129 96.190
140  0.050 98.546 0.150 96.290 0.129 96.190
141  0.050 98.600 0.150 96.350 0.129 96.190
142  0.050 98.618 0.152 96.390 0.129 96.190
143  0.049 98.568 0.149 96.290 0.129 96.190
144  0.049 98.630 0.151 96.190 0.129 96.190
145  0.049 98.628 0.149 96.190 0.129 96.190
146  0.048 98.624 0.152 96.270 0.129 96.190
147  0.047 98.672 0.151 96.300 0.129 96.190
148  0.047 98.634 0.152 96.160 0.129 96.190
149  0.047 98.650 0.154 96.270 0.129 96.190
150  0.047 98.696 0.152 96.240 0.129 96.190
151  0.046 98.702 0.153 96.240 0.129 96.190
152  0.046 98.700 0.151 96.340 0.129 96.190
153  0.046 98.740 0.156 96.230 0.129 96.190
154  0.046 98.706 0.156 96.340 0.129 96.190
155  0.045 98.668 0.153 96.220 0.129 96.190
156  0.045 98.790 0.154 96.270 0.129 96.190
157  0.045 98.732 0.155 96.200 0.129 96.190
158  0.044 98.770 0.155 96.380 0.129 96.190
159  0.044 98.770 0.155 96.250 0.129 96.190
160  0.044 98.782 0.155 96.320 0.129 96.190
161  0.043 98.774 0.156 96.280 0.129 96.190
162  0.043 98.780 0.155 96.290 0.129 96.190
163  0.043 98.774 0.158 96.250 0.129 96.190
164  0.042 98.794 0.161 96.040 0.129 96.190
165  0.042 98.806 0.159 96.270 0.129 96.190
166  0.042 98.810 0.160 96.180 0.129 96.190
167  0.042 98.864 0.159 96.190 0.129 96.190
168  0.041 98.818 0.162 96.250 0.129 96.190
169  0.041 98.898 0.160 96.260 0.129 96.190
170  0.040 98.964 0.160 96.350 0.129 96.190
171  0.040 98.894 0.163 96.210 0.129 96.190
172  0.040 98.894 0.160 96.280 0.129 96.190
173  0.040 98.892 0.164 96.260 0.129 96.190
174  0.040 98.928 0.162 96.160 0.129 96.190
175  0.039 98.916 0.163 96.210 0.129 96.190
176  0.039 98.940 0.160 96.320 0.129 96.190
177  0.038 98.956 0.163 96.290 0.129 96.190
178  0.039 98.934 0.164 96.270 0.129 96.190
179  0.038 98.938 0.164 96.220 0.129 96.190
180  0.038 98.978 0.163 96.340 0.129 96.190
181  0.037 98.974 0.163 96.290 0.129 96.190
182  0.037 98.952 0.166 96.120 0.129 96.190
183  0.037 99.008 0.165 96.220 0.129 96.190
184  0.037 99.018 0.166 96.250 0.129 96.190
185  0.037 99.018 0.169 96.210 0.129 96.190
186  0.036 99.024 0.170 96.120 0.129 96.190
187  0.036 99.060 0.169 96.200 0.129 96.190
188  0.036 99.042 0.168 96.260 0.129 96.190
189  0.035 99.064 0.168 96.230 0.129 96.190
190  0.035 99.054 0.172 96.150 0.129 96.190
191  0.035 99.106 0.170 96.150 0.129 96.190
192  0.035 99.086 0.169 96.200 0.129 96.190
193  0.034 99.120 0.172 96.160 0.129 96.190
194  0.035 99.068 0.173 96.170 0.129 96.190
195  0.034 99.146 0.173 96.230 0.129 96.190
196  0.034 99.118 0.172 96.270 0.129 96.190
197  0.033 99.130 0.171 96.230 0.129 96.190
198  0.033 99.110 0.173 96.160 0.129 96.190
199  0.033 99.114 0.175 96.180 0.129 96.190

