0  2.297 11.920 2.288 15.200 2.288 15.690
1  2.225 18.516 2.049 29.580 2.056 28.050
2  1.481 51.990 0.881 71.880 0.903 70.860
3  0.755 75.362 0.596 81.640 0.628 80.810
4  0.599 81.602 0.504 84.760 0.534 84.230
5  0.530 84.342 0.456 86.410 0.484 85.880
6  0.488 85.900 0.427 87.630 0.452 87.020
7  0.459 86.946 0.408 88.410 0.429 87.620
8  0.434 87.736 0.383 89.060 0.404 88.590
9  0.411 88.412 0.366 89.580 0.385 89.120
10  0.389 88.842 0.351 90.000 0.368 89.540
11  0.371 89.380 0.335 90.370 0.352 89.610
12  0.355 89.860 0.325 90.620 0.340 90.170
13  0.342 90.166 0.314 90.930 0.329 90.510
14  0.330 90.506 0.307 91.130 0.324 90.470
15  0.319 90.752 0.294 91.380 0.311 90.790
16  0.309 91.080 0.284 91.910 0.299 91.240
17  0.300 91.328 0.278 91.900 0.299 91.240
18  0.293 91.538 0.271 92.320 0.286 91.630
19  0.286 91.820 0.266 92.400 0.281 91.820
20  0.280 91.908 0.259 92.570 0.275 91.800
21  0.275 91.990 0.256 92.640 0.273 91.970
22  0.270 92.190 0.253 92.680 0.268 92.100
23  0.265 92.348 0.252 92.780 0.270 92.110
24  0.261 92.414 0.248 92.870 0.264 92.030
25  0.258 92.510 0.244 93.040 0.261 92.250
26  0.254 92.668 0.241 93.140 0.256 92.520
27  0.250 92.808 0.235 93.160 0.253 92.550
28  0.246 92.816 0.231 93.450 0.250 92.710
29  0.243 92.972 0.231 93.300 0.250 92.710
30  0.240 93.152 0.227 93.500 0.243 92.920
31  0.236 93.120 0.226 93.560 0.243 92.900
32  0.233 93.310 0.223 93.730 0.239 92.880
33  0.229 93.338 0.221 93.780 0.237 93.000
34  0.227 93.452 0.219 93.800 0.236 93.100
35  0.224 93.556 0.219 93.800 0.236 93.100
36  0.221 93.550 0.218 93.900 0.231 93.160
37  0.219 93.618 0.214 93.880 0.231 93.160
38  0.217 93.706 0.216 93.770 0.231 93.160
39  0.215 93.746 0.212 93.970 0.226 93.390
40  0.212 93.904 0.212 93.950 0.226 93.390
41  0.210 93.918 0.210 94.040 0.223 93.450
42  0.208 93.962 0.210 94.130 0.220 93.560
43  0.206 94.008 0.209 94.130 0.220 93.560
44  0.204 94.108 0.209 94.060 0.220 93.560
45  0.203 94.132 0.207 94.120 0.220 93.560
46  0.201 94.178 0.206 94.100 0.220 93.560
47  0.199 94.220 0.205 94.280 0.214 93.820
48  0.198 94.238 0.208 93.980 0.214 93.820
49  0.196 94.316 0.203 94.280 0.213 93.790
50  0.195 94.294 0.203 94.120 0.213 93.790
51  0.194 94.334 0.201 94.290 0.211 93.810
52  0.193 94.418 0.207 93.930 0.211 93.810
53  0.192 94.376 0.204 94.100 0.211 93.810
54  0.191 94.436 0.200 94.280 0.211 93.810
55  0.189 94.484 0.200 94.200 0.211 93.810
56  0.188 94.540 0.199 94.230 0.211 93.810
57  0.187 94.600 0.200 94.150 0.211 93.810
58  0.186 94.614 0.202 94.110 0.211 93.810
59  0.185 94.608 0.201 94.190 0.211 93.810
60  0.184 94.638 0.199 94.180 0.211 93.810
61  0.183 94.666 0.200 94.080 0.211 93.810
62  0.182 94.648 0.198 94.220 0.211 93.810
63  0.181 94.694 0.198 94.190 0.211 93.810
64  0.181 94.752 0.198 94.250 0.211 93.810
65  0.180 94.718 0.199 94.310 0.205 94.080
66  0.179 94.760 0.196 94.240 0.205 94.080
67  0.178 94.738 0.198 94.170 0.205 94.080
68  0.177 94.886 0.198 94.280 0.205 94.080
69  0.176 94.876 0.199 94.100 0.205 94.080
70  0.176 94.872 0.199 94.390 0.204 93.820
71  0.175 94.836 0.195 94.340 0.204 93.820
72  0.174 94.922 0.199 94.230 0.204 93.820
73  0.174 94.882 0.195 94.220 0.204 93.820
74  0.173 94.944 0.198 94.230 0.204 93.820
75  0.172 94.902 0.196 94.280 0.204 93.820
76  0.171 94.982 0.195 94.330 0.204 93.820
77  0.171 94.942 0.196 94.190 0.204 93.820
78  0.170 94.970 0.197 94.300 0.204 93.820
79  0.169 95.038 0.195 94.220 0.204 93.820
80  0.169 95.050 0.197 94.310 0.204 93.820
81  0.169 95.056 0.198 94.190 0.204 93.820
82  0.168 95.060 0.195 94.200 0.204 93.820
83  0.167 95.104 0.195 94.390 0.204 93.820
84  0.166 95.136 0.194 94.290 0.204 93.820
85  0.166 95.012 0.196 94.320 0.204 93.820
86  0.165 95.098 0.195 94.110 0.204 93.820
87  0.165 95.140 0.196 94.370 0.204 93.820
88  0.165 95.150 0.195 94.280 0.204 93.820
89  0.164 95.236 0.197 94.270 0.204 93.820
90  0.163 95.218 0.196 94.120 0.204 93.820
91  0.163 95.184 0.197 94.280 0.204 93.820
92  0.162 95.150 0.195 94.230 0.204 93.820
93  0.162 95.210 0.195 94.230 0.204 93.820
94  0.161 95.240 0.196 94.220 0.204 93.820
95  0.161 95.210 0.195 94.280 0.204 93.820
96  0.161 95.286 0.193 94.320 0.204 93.820
97  0.160 95.226 0.195 94.190 0.204 93.820
98  0.160 95.320 0.196 94.280 0.204 93.820
99  0.159 95.194 0.196 94.290 0.204 93.820
100  0.159 95.308 0.195 94.290 0.204 93.820
101  0.158 95.304 0.197 94.180 0.204 93.820
102  0.158 95.324 0.195 94.350 0.204 93.820
103  0.158 95.302 0.197 94.240 0.204 93.820
104  0.157 95.374 0.196 94.320 0.204 93.820
105  0.157 95.316 0.194 94.440 0.198 94.270
106  0.156 95.394 0.194 94.150 0.198 94.270
107  0.156 95.396 0.196 94.250 0.198 94.270
108  0.155 95.376 0.196 94.260 0.198 94.270
109  0.155 95.382 0.196 94.370 0.198 94.270
110  0.155 95.398 0.199 94.280 0.198 94.270
111  0.155 95.382 0.195 94.340 0.198 94.270
112  0.154 95.432 0.195 94.280 0.198 94.270
113  0.153 95.444 0.194 94.430 0.198 94.270
114  0.153 95.400 0.198 94.180 0.198 94.270
115  0.153 95.416 0.194 94.150 0.198 94.270
116  0.152 95.474 0.195 94.380 0.198 94.270
117  0.152 95.524 0.194 94.310 0.198 94.270
118  0.152 95.414 0.197 94.440 0.198 94.270
119  0.152 95.448 0.194 94.400 0.198 94.270
120  0.152 95.488 0.197 94.280 0.198 94.270
121  0.150 95.480 0.195 94.310 0.198 94.270
122  0.151 95.494 0.194 94.310 0.198 94.270
123  0.151 95.492 0.195 94.430 0.198 94.270
124  0.150 95.526 0.197 94.230 0.198 94.270
125  0.150 95.544 0.201 93.950 0.198 94.270
126  0.149 95.544 0.194 94.290 0.198 94.270
127  0.149 95.544 0.195 94.520 0.201 94.230
128  0.149 95.558 0.196 94.280 0.201 94.230
129  0.148 95.598 0.196 94.300 0.201 94.230
130  0.148 95.582 0.197 94.240 0.201 94.230
131  0.148 95.518 0.196 94.380 0.201 94.230
132  0.148 95.546 0.198 94.160 0.201 94.230
133  0.148 95.558 0.198 94.240 0.201 94.230
134  0.147 95.606 0.198 94.170 0.201 94.230
135  0.147 95.618 0.198 94.260 0.201 94.230
136  0.146 95.622 0.197 94.320 0.201 94.230
137  0.147 95.624 0.196 94.400 0.201 94.230
138  0.146 95.622 0.200 94.070 0.201 94.230
139  0.146 95.620 0.200 94.330 0.201 94.230
140  0.146 95.614 0.196 94.390 0.201 94.230
141  0.146 95.624 0.197 94.280 0.201 94.230
142  0.145 95.656 0.198 94.410 0.201 94.230
143  0.145 95.624 0.198 94.250 0.201 94.230
144  0.144 95.712 0.197 94.230 0.201 94.230
145  0.145 95.670 0.201 94.150 0.201 94.230
146  0.144 95.742 0.198 94.230 0.201 94.230
147  0.144 95.676 0.200 94.030 0.201 94.230
148  0.143 95.750 0.199 94.230 0.201 94.230
149  0.144 95.692 0.198 94.110 0.201 94.230
150  0.143 95.766 0.199 94.180 0.201 94.230
151  0.143 95.764 0.202 94.120 0.201 94.230
152  0.143 95.756 0.199 94.240 0.201 94.230
153  0.142 95.808 0.196 94.190 0.201 94.230
154  0.142 95.818 0.197 94.310 0.201 94.230
155  0.142 95.810 0.199 94.210 0.201 94.230
156  0.142 95.776 0.198 94.320 0.201 94.230
157  0.141 95.796 0.199 94.350 0.201 94.230
158  0.142 95.770 0.199 94.280 0.201 94.230
159  0.141 95.778 0.198 94.240 0.201 94.230
160  0.141 95.802 0.199 94.270 0.201 94.230
161  0.140 95.762 0.199 94.200 0.201 94.230
162  0.140 95.822 0.198 94.240 0.201 94.230
163  0.141 95.806 0.199 94.100 0.201 94.230
164  0.140 95.796 0.199 94.210 0.201 94.230
165  0.140 95.790 0.199 94.210 0.201 94.230
166  0.140 95.770 0.201 94.140 0.201 94.230
167  0.140 95.822 0.199 94.280 0.201 94.230
168  0.139 95.808 0.197 94.260 0.201 94.230
169  0.139 95.872 0.199 94.170 0.201 94.230
170  0.139 95.818 0.199 94.320 0.201 94.230
171  0.139 95.908 0.203 94.150 0.201 94.230
172  0.139 95.822 0.200 94.190 0.201 94.230
173  0.139 95.822 0.201 94.100 0.201 94.230
174  0.138 95.872 0.198 94.280 0.201 94.230
175  0.138 95.838 0.199 94.310 0.201 94.230
176  0.138 95.840 0.199 94.180 0.201 94.230
177  0.137 95.906 0.201 94.280 0.201 94.230
178  0.137 95.900 0.203 94.060 0.201 94.230
179  0.138 95.816 0.201 94.330 0.201 94.230
180  0.138 95.870 0.200 94.230 0.201 94.230
181  0.137 95.838 0.201 94.160 0.201 94.230
182  0.137 95.908 0.203 94.080 0.201 94.230
183  0.136 95.934 0.199 94.280 0.201 94.230
184  0.136 95.912 0.201 94.380 0.201 94.230
185  0.136 95.898 0.200 94.350 0.201 94.230
186  0.136 95.906 0.202 94.260 0.201 94.230
187  0.136 95.950 0.204 94.220 0.201 94.230
188  0.136 95.978 0.203 94.100 0.201 94.230
189  0.136 95.956 0.202 94.240 0.201 94.230
190  0.136 95.924 0.201 94.380 0.201 94.230
191  0.135 95.946 0.202 94.300 0.201 94.230
192  0.135 95.954 0.202 94.320 0.201 94.230
193  0.136 95.962 0.202 94.260 0.201 94.230
194  0.135 95.998 0.203 94.170 0.201 94.230
195  0.134 95.976 0.205 94.200 0.201 94.230
196  0.135 95.910 0.204 94.240 0.201 94.230
197  0.135 95.956 0.202 94.170 0.201 94.230
198  0.134 96.008 0.205 94.210 0.201 94.230
199  0.134 95.992 0.201 94.050 0.201 94.230

0  2.301 11.038 2.298 10.710 2.297 11.400
1  2.279 17.930 2.226 26.230 2.224 25.520
2  1.910 38.468 1.424 58.000 1.434 57.080
3  1.069 65.810 0.770 75.890 0.801 75.500
4  0.716 77.842 0.593 82.230 0.617 81.610
