0  2.177 26.224 1.783 44.440 1.784 43.680
1  1.067 69.858 0.591 83.990 0.621 82.130
2  0.546 84.288 0.424 88.070 0.445 87.150
3  0.435 87.604 0.362 89.630 0.375 89.280
4  0.383 89.064 0.328 90.540 0.341 90.150
5  0.351 89.954 0.307 91.350 0.317 91.050
6  0.328 90.586 0.295 91.590 0.303 91.190
7  0.311 91.104 0.280 91.810 0.287 91.600
8  0.296 91.580 0.267 92.400 0.274 92.330
9  0.284 91.906 0.257 92.700 0.264 92.580
10  0.272 92.204 0.247 93.030 0.254 92.820
11  0.261 92.512 0.238 93.130 0.244 93.080
12  0.251 92.796 0.230 93.430 0.239 93.400
13  0.242 93.064 0.223 93.660 0.230 93.510
14  0.233 93.288 0.216 93.930 0.224 93.480
15  0.225 93.516 0.210 93.970 0.216 93.650
16  0.217 93.752 0.203 94.330 0.209 93.960
17  0.210 93.962 0.198 94.390 0.204 94.240
18  0.202 94.120 0.193 94.600 0.198 94.160
19  0.196 94.366 0.190 94.620 0.193 94.380
20  0.189 94.554 0.180 95.020 0.185 94.620
21  0.183 94.752 0.178 95.030 0.182 94.850
22  0.177 94.924 0.171 95.250 0.176 94.940
23  0.171 95.070 0.167 95.400 0.171 95.240
24  0.166 95.210 0.165 95.400 0.167 95.170
25  0.162 95.384 0.160 95.520 0.164 95.210
26  0.157 95.508 0.160 95.470 0.164 95.210
27  0.152 95.546 0.156 95.560 0.156 95.330
28  0.148 95.696 0.153 95.640 0.153 95.530
29  0.144 95.852 0.151 95.710 0.151 95.540
30  0.141 95.966 0.149 95.780 0.148 95.550
31  0.137 96.008 0.149 95.870 0.147 95.800
32  0.133 96.076 0.145 95.960 0.143 95.760
33  0.130 96.176 0.144 95.970 0.141 95.780
34  0.128 96.220 0.140 96.060 0.137 95.850
35  0.124 96.328 0.141 96.010 0.137 95.850
36  0.121 96.414 0.140 95.990 0.137 95.850
37  0.119 96.482 0.137 96.070 0.131 96.030
38  0.115 96.598 0.136 96.060 0.131 96.030
39  0.113 96.642 0.135 96.170 0.128 96.080
40  0.111 96.688 0.135 96.190 0.128 96.180
41  0.108 96.820 0.132 96.290 0.126 96.130
42  0.107 96.884 0.132 96.310 0.123 96.160
43  0.104 96.978 0.131 96.220 0.123 96.160
44  0.101 97.026 0.130 96.220 0.123 96.160
45  0.100 97.030 0.131 96.270 0.123 96.160
46  0.098 97.096 0.128 96.280 0.123 96.160
47  0.096 97.148 0.127 96.360 0.117 96.430
48  0.094 97.222 0.128 96.240 0.117 96.430
49  0.092 97.302 0.126 96.210 0.117 96.430
50  0.091 97.332 0.128 96.320 0.117 96.430
51  0.089 97.380 0.126 96.380 0.114 96.470
52  0.087 97.454 0.126 96.220 0.114 96.470
53  0.086 97.484 0.125 96.410 0.113 96.580
54  0.084 97.518 0.125 96.450 0.112 96.470
55  0.083 97.566 0.123 96.500 0.111 96.580
56  0.081 97.582 0.123 96.480 0.111 96.580
57  0.080 97.668 0.122 96.480 0.111 96.580
58  0.078 97.710 0.124 96.420 0.111 96.580
59  0.077 97.750 0.125 96.490 0.111 96.580
60  0.076 97.828 0.123 96.530 0.110 96.670
61  0.074 97.792 0.121 96.550 0.109 96.660
62  0.073 97.854 0.122 96.580 0.108 96.620
63  0.072 97.920 0.122 96.530 0.108 96.620
64  0.071 97.940 0.121 96.580 0.108 96.620
65  0.070 98.014 0.124 96.530 0.108 96.620
66  0.069 97.990 0.121 96.550 0.108 96.620
67  0.068 98.082 0.119 96.610 0.106 96.860
68  0.067 98.088 0.120 96.650 0.105 96.840
69  0.066 98.114 0.120 96.580 0.105 96.840
70  0.065 98.146 0.121 96.630 0.105 96.840
71  0.064 98.190 0.121 96.600 0.105 96.840
72  0.063 98.214 0.119 96.780 0.106 96.870
73  0.062 98.234 0.119 96.700 0.106 96.870
74  0.061 98.296 0.120 96.690 0.106 96.870
75  0.060 98.348 0.121 96.570 0.106 96.870
76  0.060 98.324 0.120 96.670 0.106 96.870
77  0.059 98.372 0.119 96.570 0.106 96.870
78  0.058 98.420 0.118 96.710 0.106 96.870
79  0.057 98.446 0.120 96.720 0.106 96.870
80  0.056 98.474 0.120 96.730 0.106 96.870
81  0.056 98.446 0.118 96.660 0.106 96.870
82  0.054 98.506 0.121 96.700 0.106 96.870
83  0.054 98.526 0.118 96.850 0.102 96.880
84  0.053 98.554 0.118 96.730 0.102 96.880
85  0.053 98.590 0.121 96.650 0.102 96.880
86  0.052 98.584 0.118 96.800 0.102 96.880
87  0.051 98.596 0.120 96.740 0.102 96.880
88  0.050 98.656 0.121 96.690 0.102 96.880
89  0.050 98.660 0.119 96.710 0.102 96.880
90  0.049 98.664 0.120 96.700 0.102 96.880
91  0.048 98.738 0.118 96.740 0.102 96.880
92  0.048 98.690 0.119 96.730 0.102 96.880
93  0.047 98.764 0.118 96.760 0.102 96.880
94  0.046 98.804 0.119 96.770 0.102 96.880
95  0.046 98.798 0.119 96.730 0.102 96.880
96  0.045 98.752 0.121 96.760 0.102 96.880
97  0.045 98.818 0.124 96.800 0.102 96.880
98  0.044 98.866 0.121 96.800 0.102 96.880
99  0.043 98.896 0.121 96.710 0.102 96.880
100  0.043 98.870 0.122 96.780 0.102 96.880
101  0.042 98.872 0.121 96.750 0.102 96.880
102  0.042 98.916 0.122 96.690 0.102 96.880
103  0.041 98.940 0.120 96.790 0.102 96.880
104  0.041 98.970 0.121 96.740 0.102 96.880
105  0.040 98.964 0.123 96.720 0.102 96.880
106  0.040 98.956 0.122 96.790 0.102 96.880
107  0.039 99.000 0.122 96.660 0.102 96.880
108  0.039 99.054 0.122 96.790 0.102 96.880
109  0.038 99.050 0.125 96.720 0.102 96.880
110  0.037 99.064 0.125 96.740 0.102 96.880
111  0.037 99.094 0.123 96.790 0.102 96.880
112  0.037 99.108 0.123 96.780 0.102 96.880
113  0.036 99.106 0.124 96.730 0.102 96.880
114  0.036 99.084 0.126 96.730 0.102 96.880
115  0.035 99.126 0.126 96.800 0.102 96.880
116  0.035 99.122 0.124 96.730 0.102 96.880
117  0.035 99.112 0.124 96.780 0.102 96.880
118  0.034 99.198 0.125 96.700 0.102 96.880
119  0.034 99.158 0.125 96.760 0.102 96.880
120  0.033 99.176 0.127 96.750 0.102 96.880
121  0.033 99.228 0.128 96.750 0.102 96.880
122  0.032 99.242 0.128 96.740 0.102 96.880
123  0.032 99.268 0.127 96.660 0.102 96.880
124  0.031 99.260 0.129 96.710 0.102 96.880
125  0.031 99.264 0.129 96.730 0.102 96.880
126  0.031 99.256 0.128 96.800 0.102 96.880
127  0.030 99.252 0.129 96.710 0.102 96.880
128  0.030 99.300 0.129 96.810 0.102 96.880
129  0.030 99.298 0.128 96.780 0.102 96.880
130  0.029 99.338 0.129 96.780 0.102 96.880
131  0.028 99.354 0.129 96.880 0.111 96.920
132  0.028 99.344 0.131 96.680 0.111 96.920
133  0.028 99.372 0.132 96.670 0.111 96.920
134  0.027 99.384 0.133 96.660 0.111 96.920
135  0.027 99.406 0.135 96.700 0.111 96.920
136  0.027 99.398 0.131 96.830 0.111 96.920
137  0.027 99.400 0.133 96.700 0.111 96.920
138  0.026 99.424 0.133 96.880 0.111 96.920
139  0.026 99.418 0.134 96.740 0.111 96.920
140  0.025 99.466 0.134 96.700 0.111 96.920
141  0.025 99.448 0.133 96.810 0.111 96.920
142  0.025 99.456 0.135 96.650 0.111 96.920
143  0.025 99.484 0.138 96.660 0.111 96.920
144  0.024 99.496 0.136 96.830 0.111 96.920
145  0.024 99.506 0.139 96.690 0.111 96.920
146  0.024 99.506 0.135 96.780 0.111 96.920
147  0.023 99.532 0.137 96.750 0.111 96.920
148  0.023 99.524 0.139 96.730 0.111 96.920
149  0.023 99.570 0.137 96.800 0.111 96.920
150  0.023 99.544 0.141 96.660 0.111 96.920
151  0.022 99.542 0.138 96.770 0.111 96.920
152  0.022 99.572 0.138 96.770 0.111 96.920
153  0.022 99.572 0.138 96.750 0.111 96.920
154  0.021 99.598 0.139 96.780 0.111 96.920
155  0.021 99.606 0.140 96.820 0.111 96.920
156  0.021 99.612 0.141 96.670 0.111 96.920
157  0.020 99.606 0.141 96.660 0.111 96.920
158  0.020 99.622 0.144 96.660 0.111 96.920
159  0.020 99.612 0.142 96.730 0.111 96.920
160  0.020 99.634 0.141 96.760 0.111 96.920
161  0.019 99.654 0.144 96.760 0.111 96.920
162  0.019 99.642 0.144 96.690 0.111 96.920
163  0.019 99.640 0.143 96.720 0.111 96.920
164  0.019 99.674 0.145 96.730 0.111 96.920
165  0.019 99.662 0.144 96.790 0.111 96.920
166  0.018 99.674 0.145 96.770 0.111 96.920
167  0.018 99.706 0.144 96.670 0.111 96.920
168  0.018 99.700 0.145 96.690 0.111 96.920
169  0.018 99.712 0.147 96.680 0.111 96.920
170  0.018 99.720 0.146 96.730 0.111 96.920
171  0.017 99.712 0.147 96.670 0.111 96.920
172  0.017 99.736 0.147 96.780 0.111 96.920
173  0.017 99.740 0.147 96.710 0.111 96.920
174  0.017 99.738 0.147 96.810 0.111 96.920
175  0.016 99.716 0.148 96.720 0.111 96.920
176  0.016 99.768 0.151 96.700 0.111 96.920
177  0.016 99.764 0.149 96.670 0.111 96.920
178  0.016 99.772 0.149 96.730 0.111 96.920
179  0.015 99.776 0.150 96.740 0.111 96.920
180  0.015 99.762 0.152 96.680 0.111 96.920
181  0.015 99.782 0.150 96.710 0.111 96.920
182  0.015 99.770 0.151 96.770 0.111 96.920
183  0.015 99.780 0.151 96.740 0.111 96.920
184  0.015 99.790 0.153 96.680 0.111 96.920
185  0.014 99.778 0.154 96.660 0.111 96.920
186  0.014 99.814 0.152 96.710 0.111 96.920
187  0.014 99.798 0.153 96.800 0.111 96.920
188  0.014 99.818 0.153 96.730 0.111 96.920
189  0.014 99.810 0.154 96.730 0.111 96.920
190  0.014 99.796 0.154 96.730 0.111 96.920
191  0.013 99.832 0.154 96.810 0.111 96.920
192  0.013 99.832 0.154 96.730 0.111 96.920
193  0.013 99.832 0.157 96.660 0.111 96.920
194  0.013 99.822 0.158 96.650 0.111 96.920
195  0.013 99.816 0.157 96.660 0.111 96.920
196  0.013 99.826 0.157 96.730 0.111 96.920
197  0.012 99.844 0.157 96.770 0.111 96.920
198  0.012 99.856 0.159 96.640 0.111 96.920
199  0.012 99.850 0.158 96.740 0.111 96.920

