0  1.889 1.276 88.360 1.275 87.640 
1  0.884 0.561 92.880 0.566 92.360 
2  0.427 0.332 94.340 0.341 93.770 
3  0.281 0.255 94.830 0.264 94.240 
4  0.223 0.220 95.140 0.229 94.600 
5  0.191 0.199 95.390 0.207 94.950 
6  0.170 0.185 95.660 0.192 95.220 
7  0.155 0.174 95.900 0.181 95.460 
8  0.144 0.166 95.930 0.173 95.720 
9  0.134 0.160 96.150 0.165 95.700 
10  0.125 0.154 96.230 0.159 95.910 
11  0.118 0.149 96.290 0.154 95.990 
12  0.111 0.144 96.410 0.149 96.200 
13  0.106 0.141 96.520 0.145 96.190 
14  0.101 0.138 96.560 0.142 96.230 
15  0.096 0.135 96.620 0.138 96.300 
16  0.091 0.132 96.700 0.135 96.380 
17  0.087 0.130 96.700 0.135 96.380 
18  0.084 0.128 96.740 0.131 96.440 
19  0.080 0.126 96.820 0.129 96.520 
20  0.077 0.124 96.850 0.127 96.520 
21  0.075 0.122 96.810 0.127 96.520 
22  0.072 0.121 96.910 0.123 96.600 
23  0.070 0.119 96.850 0.123 96.600 
24  0.067 0.118 96.870 0.123 96.600 
25  0.065 0.117 96.900 0.123 96.600 
26  0.063 0.115 96.920 0.118 96.770 
27  0.060 0.115 96.860 0.118 96.770 
28  0.059 0.114 96.880 0.118 96.770 
29  0.057 0.113 96.880 0.118 96.770 
30  0.055 0.112 96.870 0.118 96.770 
31  0.053 0.111 96.900 0.118 96.770 
32  0.052 0.110 96.900 0.118 96.770 
33  0.050 0.110 96.900 0.118 96.770 
34  0.049 0.109 96.880 0.118 96.770 
35  0.047 0.108 96.890 0.118 96.770 
36  0.046 0.108 96.910 0.118 96.770 
37  0.044 0.107 96.930 0.108 96.810 
38  0.043 0.106 96.920 0.108 96.810 
39  0.042 0.106 96.910 0.108 96.810 
40  0.041 0.106 96.970 0.107 96.820 
41  0.040 0.105 97.000 0.106 96.820 
42  0.039 0.105 96.920 0.106 96.820 
43  0.038 0.104 96.960 0.106 96.820 
44  0.037 0.104 96.960 0.106 96.820 
45  0.036 0.104 96.950 0.106 96.820 
46  0.035 0.103 96.950 0.106 96.820 
47  0.034 0.103 96.970 0.106 96.820 
48  0.033 0.103 96.920 0.106 96.820 
49  0.033 0.103 96.980 0.106 96.820 
50  0.032 0.102 96.970 0.106 96.820 
51  0.031 0.102 96.970 0.106 96.820 
52  0.030 0.102 96.940 0.106 96.820 
53  0.030 0.101 96.940 0.106 96.820 
54  0.029 0.101 96.960 0.106 96.820 
55  0.028 0.101 96.980 0.106 96.820 
56  0.028 0.101 96.960 0.106 96.820 
57  0.027 0.101 96.970 0.106 96.820 
58  0.027 0.100 96.970 0.106 96.820 
59  0.026 0.100 96.970 0.106 96.820 
60  0.025 0.100 96.970 0.106 96.820 
61  0.025 0.100 96.990 0.106 96.820 
62  0.024 0.100 96.940 0.106 96.820 
63  0.024 0.100 96.960 0.106 96.820 
64  0.023 0.099 96.950 0.106 96.820 
65  0.023 0.099 97.000 0.100 96.850 
66  0.023 0.099 96.980 0.100 96.850 
67  0.022 0.099 96.960 0.100 96.850 
68  0.022 0.099 96.970 0.100 96.850 
69  0.021 0.099 96.990 0.100 96.850 
70  0.021 0.099 96.970 0.100 96.850 
71  0.021 0.099 96.980 0.100 96.850 
72  0.020 0.099 97.000 0.100 96.850 
73  0.020 0.099 96.980 0.100 96.850 
74  0.019 0.099 96.970 0.100 96.850 
75  0.019 0.099 96.980 0.100 96.850 
76  0.019 0.098 97.000 0.100 96.850 
77  0.018 0.098 97.020 0.099 96.850 
78  0.018 0.098 97.030 0.099 96.840 
79  0.018 0.099 97.010 0.099 96.840 
80  0.017 0.098 97.010 0.099 96.840 
81  0.017 0.098 97.020 0.099 96.840 
82  0.017 0.098 97.040 0.099 96.830 
83  0.017 0.098 97.040 0.099 96.840 
84  0.016 0.098 97.040 0.099 96.840 
85  0.016 0.098 97.070 0.099 96.830 
86  0.016 0.098 97.050 0.099 96.830 
87  0.016 0.098 97.040 0.099 96.830 
88  0.015 0.098 97.080 0.099 96.840 
89  0.015 0.098 97.060 0.099 96.840 
90  0.015 0.098 97.060 0.099 96.840 
91  0.015 0.098 97.090 0.099 96.840 
92  0.014 0.098 97.100 0.099 96.810 
93  0.014 0.098 97.080 0.099 96.810 
94  0.014 0.098 97.080 0.099 96.810 
95  0.014 0.098 97.090 0.099 96.810 
96  0.014 0.098 97.100 0.099 96.810 
97  0.013 0.098 97.060 0.099 96.810 
98  0.013 0.098 97.090 0.099 96.810 
99  0.013 0.098 97.080 0.099 96.810 
100  0.013 0.098 97.080 0.099 96.810 
101  0.013 0.098 97.070 0.099 96.810 
102  0.012 0.098 97.080 0.099 96.810 
103  0.012 0.098 97.080 0.099 96.810 
104  0.012 0.098 97.060 0.099 96.810 
105  0.012 0.098 97.080 0.099 96.810 
106  0.012 0.098 97.080 0.099 96.810 
107  0.012 0.098 97.100 0.099 96.810 
108  0.012 0.098 97.080 0.099 96.810 
109  0.011 0.098 97.070 0.099 96.810 
110  0.011 0.098 97.080 0.099 96.810 
111  0.011 0.098 97.060 0.099 96.810 
112  0.011 0.098 97.070 0.099 96.810 
113  0.011 0.099 97.050 0.099 96.810 
114  0.011 0.098 97.040 0.099 96.810 
115  0.011 0.098 97.060 0.099 96.810 
116  0.010 0.098 97.090 0.099 96.810 
117  0.010 0.098 97.080 0.099 96.810 
118  0.010 0.098 97.060 0.099 96.810 
119  0.010 0.099 97.060 0.099 96.810 
120  0.010 0.098 97.060 0.099 96.810 
121  0.010 0.098 97.080 0.099 96.810 
122  0.010 0.099 97.040 0.099 96.810 
123  0.010 0.099 97.060 0.099 96.810 
124  0.010 0.098 97.060 0.099 96.810 
125  0.009 0.099 97.050 0.099 96.810 
126  0.009 0.099 97.040 0.099 96.810 
127  0.009 0.099 97.040 0.099 96.810 
128  0.009 0.099 97.040 0.099 96.810 
129  0.009 0.099 97.040 0.099 96.810 
130  0.009 0.099 97.060 0.099 96.810 
131  0.009 0.099 97.030 0.099 96.810 
132  0.009 0.099 97.040 0.099 96.810 
133  0.009 0.099 97.050 0.099 96.810 
134  0.009 0.099 97.060 0.099 96.810 
135  0.008 0.099 97.040 0.099 96.810 
136  0.008 0.099 97.030 0.099 96.810 
137  0.008 0.099 97.030 0.099 96.810 
138  0.008 0.099 97.040 0.099 96.810 
139  0.008 0.099 97.060 0.099 96.810 
140  0.008 0.099 97.040 0.099 96.810 
141  0.008 0.099 97.060 0.099 96.810 
142  0.008 0.099 97.040 0.099 96.810 
143  0.008 0.099 97.060 0.099 96.810 
144  0.008 0.099 97.060 0.099 96.810 
145  0.008 0.099 97.050 0.099 96.810 
146  0.008 0.099 97.040 0.099 96.810 
147  0.008 0.099 97.060 0.099 96.810 
148  0.007 0.099 97.060 0.099 96.810 
149  0.007 0.100 97.050 0.099 96.810 
150  0.007 0.099 97.060 0.099 96.810 
151  0.007 0.100 97.070 0.099 96.810 
152  0.007 0.100 97.060 0.099 96.810 
153  0.007 0.100 97.070 0.099 96.810 
154  0.007 0.100 97.070 0.099 96.810 
155  0.007 0.100 97.070 0.099 96.810 
156  0.007 0.100 97.070 0.099 96.810 
157  0.007 0.100 97.070 0.099 96.810 
158  0.007 0.100 97.070 0.099 96.810 
159  0.007 0.100 97.060 0.099 96.810 
160  0.007 0.100 97.050 0.099 96.810 
161  0.007 0.100 97.060 0.099 96.810 
162  0.007 0.100 97.080 0.099 96.810 
163  0.007 0.100 97.070 0.099 96.810 
164  0.006 0.100 97.070 0.099 96.810 
165  0.006 0.100 97.070 0.099 96.810 
166  0.006 0.100 97.070 0.099 96.810 
167  0.006 0.100 97.060 0.099 96.810 
168  0.006 0.100 97.080 0.099 96.810 
169  0.006 0.100 97.070 0.099 96.810 
170  0.006 0.100 97.070 0.099 96.810 
171  0.006 0.100 97.050 0.099 96.810 
172  0.006 0.100 97.070 0.099 96.810 
173  0.006 0.100 97.050 0.099 96.810 
174  0.006 0.100 97.070 0.099 96.810 
175  0.006 0.100 97.070 0.099 96.810 
176  0.006 0.100 97.050 0.099 96.810 
177  0.006 0.101 97.060 0.099 96.810 
178  0.006 0.101 97.060 0.099 96.810 
179  0.006 0.101 97.050 0.099 96.810 
180  0.006 0.101 97.060 0.099 96.810 
181  0.006 0.101 97.060 0.099 96.810 
182  0.006 0.101 97.060 0.099 96.810 
183  0.006 0.101 97.050 0.099 96.810 
184  0.006 0.101 97.040 0.099 96.810 
185  0.005 0.101 97.060 0.099 96.810 
186  0.005 0.101 97.070 0.099 96.810 
187  0.005 0.101 97.070 0.099 96.810 
188  0.005 0.101 97.050 0.099 96.810 
189  0.005 0.101 97.050 0.099 96.810 
190  0.005 0.101 97.050 0.099 96.810 
191  0.005 0.101 97.060 0.099 96.810 
192  0.005 0.101 97.030 0.099 96.810 
193  0.005 0.101 97.060 0.099 96.810 
194  0.005 0.101 97.070 0.099 96.810 
195  0.005 0.101 97.030 0.099 96.810 
196  0.005 0.101 97.050 0.099 96.810 
197  0.005 0.101 97.070 0.099 96.810 
198  0.005 0.101 97.060 0.099 96.810 
199  0.005 0.101 97.060 0.099 96.810 
