0  0.503 91.740 0.170 96.260 0.175 95.940
1  0.139 96.944 0.129 96.880 0.132 96.630
2  0.106 97.520 0.113 97.250 0.115 96.950
3  0.089 97.862 0.103 97.400 0.104 97.160
4  0.078 98.126 0.096 97.600 0.096 97.370
5  0.070 98.318 0.092 97.630 0.092 97.500
6  0.064 98.470 0.088 97.700 0.088 97.490
7  0.059 98.564 0.085 97.740 0.085 97.540
8  0.055 98.704 0.083 97.730 0.085 97.540
9  0.052 98.768 0.081 97.790 0.080 97.700
10  0.049 98.892 0.080 97.870 0.078 97.630
11  0.046 98.966 0.080 97.840 0.078 97.630
12  0.044 99.014 0.077 97.910 0.076 97.710
13  0.042 99.078 0.077 97.920 0.075 97.760
14  0.040 99.118 0.076 97.840 0.075 97.760
15  0.038 99.160 0.075 97.940 0.073 97.820
16  0.037 99.200 0.075 97.900 0.073 97.820
17  0.036 99.244 0.074 97.930 0.073 97.820
18  0.034 99.258 0.073 97.950 0.071 97.880
19  0.033 99.280 0.072 97.940 0.071 97.880
20  0.032 99.354 0.073 97.950 0.071 97.880
21  0.031 99.362 0.071 97.990 0.069 97.860
22  0.030 99.384 0.071 98.000 0.069 97.930
23  0.029 99.406 0.071 98.000 0.069 97.930
24  0.028 99.434 0.071 97.960 0.069 97.930
25  0.027 99.454 0.071 98.010 0.068 98.000
26  0.026 99.466 0.071 98.020 0.068 97.940
27  0.026 99.504 0.070 98.020 0.067 97.960
28  0.025 99.518 0.071 97.990 0.067 97.960
29  0.024 99.538 0.070 98.060 0.067 97.980
30  0.024 99.548 0.070 98.050 0.067 97.980
31  0.023 99.602 0.070 98.000 0.067 97.980
32  0.022 99.606 0.070 97.990 0.067 97.980
33  0.022 99.618 0.070 98.050 0.067 97.980
34  0.021 99.632 0.070 98.130 0.066 97.960
35  0.021 99.650 0.069 98.080 0.066 97.960
36  0.020 99.670 0.069 98.080 0.066 97.960
37  0.020 99.682 0.070 98.060 0.066 97.960
38  0.019 99.684 0.069 98.070 0.066 97.960
39  0.019 99.722 0.070 98.110 0.066 97.960
40  0.019 99.714 0.069 98.110 0.066 97.960
41  0.018 99.736 0.069 98.100 0.066 97.960
42  0.018 99.754 0.069 98.060 0.066 97.960
43  0.017 99.772 0.070 98.120 0.066 97.960
44  0.017 99.774 0.070 98.090 0.066 97.960
45  0.017 99.784 0.069 98.080 0.066 97.960
46  0.016 99.806 0.069 98.060 0.066 97.960
47  0.016 99.808 0.069 98.070 0.066 97.960
48  0.016 99.810 0.069 98.110 0.066 97.960
49  0.015 99.826 0.069 98.090 0.066 97.960
50  0.015 99.822 0.070 98.090 0.066 97.960
51  0.015 99.838 0.069 98.120 0.066 97.960
52  0.014 99.842 0.069 98.110 0.066 97.960
53  0.014 99.842 0.069 98.140 0.064 97.980
54  0.014 99.842 0.070 98.160 0.065 98.040
55  0.014 99.860 0.070 98.190 0.065 98.020
56  0.013 99.866 0.070 98.170 0.065 98.020
57  0.013 99.868 0.070 98.130 0.065 98.020
58  0.013 99.870 0.069 98.070 0.065 98.020
59  0.013 99.874 0.070 98.090 0.065 98.020
60  0.012 99.874 0.070 98.130 0.065 98.020
61  0.012 99.876 0.070 98.160 0.065 98.020
62  0.012 99.888 0.070 98.180 0.065 98.020
63  0.012 99.896 0.070 98.110 0.065 98.020
64  0.012 99.892 0.070 98.130 0.065 98.020
65  0.011 99.892 0.070 98.110 0.065 98.020
66  0.011 99.900 0.071 98.170 0.065 98.020
67  0.011 99.898 0.070 98.150 0.065 98.020
68  0.011 99.908 0.070 98.140 0.065 98.020
69  0.011 99.898 0.070 98.180 0.065 98.020
70  0.011 99.910 0.070 98.140 0.065 98.020
71  0.010 99.908 0.071 98.150 0.065 98.020
72  0.010 99.916 0.070 98.190 0.065 98.070
73  0.010 99.916 0.070 98.100 0.065 98.070
74  0.010 99.918 0.070 98.180 0.065 98.070
75  0.010 99.918 0.071 98.130 0.065 98.070
76  0.010 99.920 0.071 98.150 0.065 98.070
77  0.009 99.920 0.071 98.120 0.065 98.070
78  0.009 99.920 0.071 98.170 0.065 98.070
79  0.009 99.938 0.071 98.090 0.065 98.070
80  0.009 99.934 0.071 98.130 0.065 98.070
81  0.009 99.928 0.071 98.140 0.065 98.070
82  0.009 99.932 0.071 98.160 0.065 98.070
83  0.009 99.942 0.071 98.140 0.065 98.070
84  0.009 99.938 0.071 98.220 0.065 98.040
85  0.008 99.938 0.071 98.140 0.065 98.040
86  0.008 99.944 0.071 98.150 0.065 98.040
87  0.008 99.942 0.071 98.120 0.065 98.040
88  0.008 99.950 0.071 98.160 0.065 98.040
89  0.008 99.946 0.072 98.180 0.065 98.040
90  0.008 99.948 0.072 98.160 0.065 98.040
91  0.008 99.948 0.072 98.140 0.065 98.040
92  0.008 99.958 0.072 98.180 0.065 98.040
93  0.008 99.956 0.072 98.120 0.065 98.040
94  0.007 99.950 0.072 98.120 0.065 98.040
95  0.007 99.952 0.072 98.120 0.065 98.040
96  0.007 99.956 0.072 98.120 0.065 98.040
97  0.007 99.960 0.072 98.160 0.065 98.040
98  0.007 99.958 0.072 98.130 0.065 98.040
99  0.007 99.962 0.072 98.160 0.065 98.040
100  0.007 99.962 0.072 98.150 0.065 98.040
101  0.007 99.966 0.072 98.180 0.065 98.040
102  0.007 99.964 0.072 98.080 0.065 98.040
103  0.007 99.974 0.072 98.140 0.065 98.040
104  0.007 99.972 0.072 98.150 0.065 98.040
105  0.006 99.974 0.073 98.190 0.065 98.040
106  0.006 99.974 0.073 98.130 0.065 98.040
107  0.006 99.974 0.073 98.130 0.065 98.040
108  0.006 99.976 0.073 98.190 0.065 98.040
109  0.006 99.980 0.073 98.150 0.065 98.040
110  0.006 99.972 0.073 98.180 0.065 98.040
111  0.006 99.982 0.073 98.130 0.065 98.040
112  0.006 99.974 0.073 98.160 0.065 98.040
113  0.006 99.980 0.073 98.170 0.065 98.040
114  0.006 99.984 0.073 98.170 0.065 98.040
115  0.006 99.980 0.073 98.150 0.065 98.040
116  0.006 99.984 0.073 98.190 0.065 98.040
117  0.006 99.980 0.073 98.150 0.065 98.040
118  0.006 99.984 0.074 98.140 0.065 98.040
119  0.006 99.982 0.074 98.190 0.065 98.040
120  0.005 99.984 0.074 98.160 0.065 98.040
121  0.005 99.984 0.073 98.180 0.065 98.040
122  0.005 99.984 0.074 98.220 0.065 98.040
123  0.005 99.982 0.074 98.170 0.065 98.040
124  0.005 99.986 0.074 98.190 0.065 98.040
125  0.005 99.984 0.074 98.200 0.065 98.040
126  0.005 99.984 0.074 98.180 0.065 98.040
127  0.005 99.982 0.074 98.170 0.065 98.040
128  0.005 99.982 0.074 98.180 0.065 98.040
129  0.005 99.984 0.074 98.150 0.065 98.040
130  0.005 99.984 0.074 98.190 0.065 98.040
131  0.005 99.986 0.074 98.180 0.065 98.040
132  0.005 99.984 0.074 98.110 0.065 98.040
133  0.005 99.986 0.074 98.210 0.065 98.040
134  0.005 99.988 0.074 98.160 0.065 98.040
135  0.005 99.986 0.074 98.180 0.065 98.040
136  0.005 99.986 0.074 98.140 0.065 98.040
137  0.005 99.986 0.074 98.150 0.065 98.040
138  0.005 99.986 0.074 98.190 0.065 98.040
139  0.005 99.986 0.074 98.160 0.065 98.040
140  0.004 99.988 0.074 98.170 0.065 98.040
141  0.004 99.988 0.075 98.130 0.065 98.040
142  0.004 99.984 0.075 98.180 0.065 98.040
143  0.004 99.990 0.075 98.190 0.065 98.040
144  0.004 99.986 0.075 98.190 0.065 98.040
145  0.004 99.988 0.075 98.190 0.065 98.040
146  0.004 99.990 0.075 98.130 0.065 98.040
147  0.004 99.990 0.075 98.160 0.065 98.040
148  0.004 99.988 0.075 98.180 0.065 98.040
149  0.004 99.990 0.075 98.200 0.065 98.040
150  0.004 99.990 0.075 98.200 0.065 98.040
151  0.004 99.990 0.075 98.190 0.065 98.040
152  0.004 99.992 0.075 98.200 0.065 98.040
153  0.004 99.990 0.076 98.160 0.065 98.040
154  0.004 99.990 0.075 98.200 0.065 98.040
155  0.004 99.988 0.076 98.220 0.065 98.040
156  0.004 99.992 0.076 98.200 0.065 98.040
157  0.004 99.994 0.076 98.210 0.065 98.040
158  0.004 99.994 0.076 98.180 0.065 98.040
159  0.004 99.996 0.076 98.180 0.065 98.040
160  0.004 99.992 0.076 98.180 0.065 98.040
161  0.004 99.992 0.076 98.200 0.065 98.040
162  0.004 99.994 0.076 98.160 0.065 98.040
163  0.004 99.994 0.076 98.190 0.065 98.040
164  0.004 99.996 0.076 98.200 0.065 98.040
165  0.004 99.994 0.076 98.170 0.065 98.040
166  0.004 99.994 0.076 98.190 0.065 98.040
167  0.004 99.996 0.076 98.190 0.065 98.040
168  0.004 99.998 0.076 98.160 0.065 98.040
169  0.003 99.994 0.077 98.220 0.065 98.040
170  0.003 99.996 0.076 98.180 0.065 98.040
171  0.003 99.996 0.076 98.170 0.065 98.040
172  0.003 99.998 0.076 98.170 0.065 98.040
173  0.003 99.996 0.077 98.160 0.065 98.040
174  0.003 99.996 0.077 98.190 0.065 98.040
175  0.003 99.996 0.077 98.190 0.065 98.040
176  0.003 99.998 0.077 98.200 0.065 98.040
177  0.003 99.996 0.077 98.230 0.069 98.100
178  0.003 99.998 0.077 98.210 0.069 98.100
179  0.003 99.996 0.077 98.180 0.069 98.100
180  0.003 99.996 0.077 98.210 0.069 98.100
181  0.003 99.996 0.077 98.200 0.069 98.100
182  0.003 99.998 0.077 98.180 0.069 98.100
183  0.003 99.996 0.077 98.170 0.069 98.100
184  0.003 99.998 0.077 98.190 0.069 98.100
185  0.003 99.998 0.077 98.190 0.069 98.100
186  0.003 99.996 0.077 98.190 0.069 98.100
187  0.003 99.998 0.077 98.180 0.069 98.100
188  0.003 99.998 0.077 98.180 0.069 98.100
189  0.003 99.998 0.078 98.210 0.069 98.100
190  0.003 99.998 0.078 98.170 0.069 98.100
191  0.003 99.998 0.078 98.200 0.069 98.100
192  0.003 99.998 0.077 98.200 0.069 98.100
193  0.003 99.998 0.077 98.190 0.069 98.100
194  0.003 99.998 0.078 98.170 0.069 98.100
195  0.003 99.998 0.078 98.190 0.069 98.100
196  0.003 99.998 0.078 98.190 0.069 98.100
197  0.003 99.998 0.078 98.160 0.069 98.100
198  0.003 99.998 0.078 98.190 0.069 98.100
199  0.003 99.998 0.078 98.200 0.069 98.100
