0  0.477 91.986 0.153 96.360 0.158 96.190
1  0.123 97.120 0.117 97.100 0.118 96.950
2  0.092 97.750 0.101 97.370 0.102 97.390
3  0.076 98.172 0.093 97.680 0.094 97.490
4  0.066 98.396 0.087 97.740 0.086 97.530
5  0.058 98.592 0.083 97.850 0.082 97.680
6  0.053 98.788 0.079 97.860 0.078 97.680
7  0.048 98.924 0.077 97.860 0.076 97.740
8  0.044 99.036 0.076 97.910 0.074 97.810
9  0.041 99.094 0.075 97.940 0.072 97.870
10  0.038 99.170 0.073 97.910 0.072 97.870
11  0.036 99.238 0.073 98.010 0.071 97.910
12  0.033 99.316 0.071 98.020 0.069 97.940
13  0.031 99.370 0.071 98.160 0.069 98.030
14  0.030 99.422 0.070 98.050 0.069 98.030
15  0.028 99.462 0.069 98.120 0.069 98.030
16  0.027 99.520 0.069 98.120 0.069 98.030
17  0.025 99.556 0.068 98.120 0.069 98.030
18  0.024 99.592 0.068 98.080 0.069 98.030
19  0.023 99.616 0.068 98.130 0.069 98.030
20  0.022 99.640 0.068 98.150 0.069 98.030
21  0.021 99.680 0.068 98.130 0.069 98.030
22  0.020 99.706 0.067 98.170 0.064 98.080
23  0.019 99.714 0.068 98.140 0.064 98.080
24  0.018 99.740 0.067 98.140 0.064 98.080
25  0.018 99.764 0.066 98.150 0.064 98.080
26  0.017 99.792 0.067 98.170 0.064 98.080
27  0.016 99.810 0.066 98.200 0.063 98.060
28  0.016 99.810 0.067 98.230 0.063 98.050
29  0.015 99.844 0.067 98.180 0.063 98.050
30  0.015 99.852 0.067 98.100 0.063 98.050
31  0.014 99.864 0.067 98.170 0.063 98.050
32  0.014 99.858 0.067 98.230 0.063 98.050
33  0.013 99.876 0.067 98.190 0.063 98.050
34  0.013 99.872 0.067 98.200 0.063 98.050
35  0.012 99.888 0.067 98.270 0.063 98.000
36  0.012 99.894 0.068 98.160 0.063 98.000
37  0.011 99.902 0.067 98.250 0.063 98.000
38  0.011 99.900 0.067 98.220 0.063 98.000
39  0.011 99.908 0.067 98.240 0.063 98.000
40  0.010 99.910 0.068 98.180 0.063 98.000
41  0.010 99.918 0.068 98.240 0.063 98.000
42  0.010 99.914 0.067 98.200 0.063 98.000
43  0.010 99.924 0.068 98.190 0.063 98.000
44  0.009 99.936 0.067 98.240 0.063 98.000
45  0.009 99.936 0.068 98.260 0.063 98.000
46  0.009 99.936 0.068 98.270 0.063 98.100
47  0.009 99.938 0.068 98.220 0.063 98.100
48  0.008 99.948 0.069 98.240 0.063 98.100
49  0.008 99.950 0.069 98.240 0.063 98.100
50  0.008 99.954 0.068 98.240 0.063 98.100
51  0.008 99.956 0.069 98.260 0.063 98.100
52  0.007 99.956 0.069 98.210 0.063 98.100
53  0.007 99.958 0.069 98.250 0.063 98.100
54  0.007 99.966 0.069 98.250 0.063 98.100
55  0.007 99.966 0.069 98.180 0.063 98.100
56  0.007 99.970 0.069 98.280 0.064 98.060
57  0.007 99.974 0.069 98.250 0.064 98.060
58  0.006 99.972 0.069 98.220 0.064 98.060
59  0.006 99.976 0.070 98.240 0.064 98.060
60  0.006 99.974 0.070 98.240 0.064 98.060
61  0.006 99.978 0.070 98.200 0.064 98.060
62  0.006 99.976 0.070 98.210 0.064 98.060
63  0.006 99.980 0.070 98.220 0.064 98.060
64  0.006 99.980 0.070 98.220 0.064 98.060
65  0.006 99.978 0.070 98.210 0.064 98.060
66  0.005 99.982 0.070 98.230 0.064 98.060
67  0.005 99.984 0.071 98.210 0.064 98.060
68  0.005 99.984 0.071 98.200 0.064 98.060
69  0.005 99.982 0.071 98.230 0.064 98.060
70  0.005 99.984 0.071 98.200 0.064 98.060
71  0.005 99.986 0.071 98.190 0.064 98.060
72  0.005 99.984 0.071 98.230 0.064 98.060
73  0.005 99.986 0.071 98.240 0.064 98.060
74  0.005 99.986 0.071 98.230 0.064 98.060
75  0.005 99.990 0.071 98.200 0.064 98.060
76  0.004 99.986 0.072 98.160 0.064 98.060
77  0.004 99.992 0.071 98.230 0.064 98.060
78  0.004 99.988 0.071 98.220 0.064 98.060
79  0.004 99.988 0.072 98.180 0.064 98.060
80  0.004 99.990 0.072 98.220 0.064 98.060
81  0.004 99.988 0.072 98.210 0.064 98.060
82  0.004 99.990 0.072 98.220 0.064 98.060
83  0.004 99.992 0.072 98.180 0.064 98.060
84  0.004 99.990 0.072 98.230 0.064 98.060
85  0.004 99.990 0.072 98.230 0.064 98.060
86  0.004 99.994 0.072 98.200 0.064 98.060
87  0.004 99.994 0.072 98.250 0.064 98.060
88  0.004 99.992 0.073 98.210 0.064 98.060
89  0.004 99.992 0.072 98.200 0.064 98.060
90  0.004 99.992 0.073 98.230 0.064 98.060
91  0.004 99.996 0.073 98.210 0.064 98.060
92  0.003 99.996 0.073 98.230 0.064 98.060
93  0.003 99.996 0.073 98.240 0.064 98.060
94  0.003 99.998 0.073 98.240 0.064 98.060
95  0.003 99.994 0.073 98.210 0.064 98.060
96  0.003 99.996 0.073 98.240 0.064 98.060
97  0.003 99.998 0.074 98.170 0.064 98.060
98  0.003 99.994 0.073 98.220 0.064 98.060
99  0.003 99.996 0.074 98.210 0.064 98.060
100  0.003 99.998 0.074 98.210 0.064 98.060
101  0.003 99.996 0.074 98.230 0.064 98.060
102  0.003 99.998 0.074 98.230 0.064 98.060
103  0.003 99.996 0.074 98.240 0.064 98.060
104  0.003 99.998 0.074 98.190 0.064 98.060
105  0.003 99.998 0.075 98.220 0.064 98.060
106  0.003 99.998 0.074 98.190 0.064 98.060
107  0.003 99.998 0.074 98.200 0.064 98.060
108  0.003 99.998 0.075 98.200 0.064 98.060
109  0.003 99.998 0.075 98.240 0.064 98.060
110  0.003 99.998 0.075 98.210 0.064 98.060
111  0.003 99.998 0.075 98.210 0.064 98.060
112  0.003 99.998 0.075 98.230 0.064 98.060
113  0.003 99.998 0.075 98.220 0.064 98.060
114  0.003 99.998 0.075 98.240 0.064 98.060
115  0.003 99.998 0.075 98.210 0.064 98.060
116  0.003 99.996 0.075 98.210 0.064 98.060
117  0.002 99.998 0.075 98.240 0.064 98.060
118  0.002 99.998 0.076 98.230 0.064 98.060
119  0.002 99.998 0.075 98.210 0.064 98.060
120  0.002 99.998 0.075 98.220 0.064 98.060
121  0.002 99.998 0.076 98.210 0.064 98.060
122  0.002 99.998 0.076 98.240 0.064 98.060
123  0.002 99.998 0.076 98.240 0.064 98.060
124  0.002 99.998 0.076 98.210 0.064 98.060
125  0.002 100.000 0.076 98.200 0.064 98.060
126  0.002 99.998 0.076 98.230 0.064 98.060
127  0.002 100.000 0.076 98.220 0.064 98.060
128  0.002 99.998 0.076 98.230 0.064 98.060
129  0.002 100.000 0.076 98.220 0.064 98.060
130  0.002 99.998 0.076 98.210 0.064 98.060
131  0.002 100.000 0.076 98.210 0.064 98.060
132  0.002 100.000 0.076 98.230 0.064 98.060
133  0.002 99.998 0.077 98.220 0.064 98.060
134  0.002 100.000 0.077 98.180 0.064 98.060
135  0.002 99.998 0.076 98.190 0.064 98.060
136  0.002 100.000 0.077 98.230 0.064 98.060
137  0.002 100.000 0.077 98.200 0.064 98.060
138  0.002 100.000 0.077 98.180 0.064 98.060
139  0.002 100.000 0.077 98.210 0.064 98.060
140  0.002 100.000 0.077 98.210 0.064 98.060
141  0.002 100.000 0.077 98.230 0.064 98.060
142  0.002 100.000 0.077 98.190 0.064 98.060
143  0.002 100.000 0.077 98.190 0.064 98.060
144  0.002 100.000 0.077 98.230 0.064 98.060
145  0.002 100.000 0.078 98.200 0.064 98.060
146  0.002 100.000 0.077 98.210 0.064 98.060
147  0.002 100.000 0.078 98.200 0.064 98.060
148  0.002 100.000 0.078 98.190 0.064 98.060
149  0.002 100.000 0.078 98.210 0.064 98.060
150  0.002 100.000 0.078 98.220 0.064 98.060
151  0.002 100.000 0.078 98.220 0.064 98.060
152  0.002 100.000 0.078 98.210 0.064 98.060
153  0.002 100.000 0.078 98.200 0.064 98.060
154  0.002 100.000 0.078 98.210 0.064 98.060
155  0.002 100.000 0.078 98.210 0.064 98.060
156  0.002 100.000 0.078 98.200 0.064 98.060
157  0.002 100.000 0.078 98.220 0.064 98.060
158  0.002 100.000 0.078 98.190 0.064 98.060
159  0.002 100.000 0.078 98.210 0.064 98.060
160  0.002 100.000 0.078 98.200 0.064 98.060
161  0.002 100.000 0.079 98.200 0.064 98.060
162  0.002 100.000 0.079 98.180 0.064 98.060
163  0.002 100.000 0.079 98.190 0.064 98.060
164  0.002 100.000 0.079 98.180 0.064 98.060
165  0.002 100.000 0.079 98.190 0.064 98.060
166  0.002 100.000 0.079 98.210 0.064 98.060
167  0.002 100.000 0.079 98.180 0.064 98.060
168  0.002 100.000 0.079 98.180 0.064 98.060
169  0.001 100.000 0.079 98.190 0.064 98.060
170  0.001 100.000 0.079 98.200 0.064 98.060
171  0.001 100.000 0.080 98.210 0.064 98.060
172  0.001 100.000 0.079 98.220 0.064 98.060
173  0.001 100.000 0.079 98.210 0.064 98.060
174  0.001 100.000 0.080 98.180 0.064 98.060
175  0.001 100.000 0.079 98.210 0.064 98.060
176  0.001 100.000 0.080 98.190 0.064 98.060
177  0.001 100.000 0.080 98.190 0.064 98.060
178  0.001 100.000 0.080 98.220 0.064 98.060
179  0.001 100.000 0.080 98.200 0.064 98.060
180  0.001 100.000 0.080 98.230 0.064 98.060
181  0.001 100.000 0.080 98.190 0.064 98.060
182  0.001 100.000 0.080 98.200 0.064 98.060
183  0.001 100.000 0.080 98.200 0.064 98.060
184  0.001 100.000 0.080 98.210 0.064 98.060
185  0.001 100.000 0.080 98.200 0.064 98.060
186  0.001 100.000 0.080 98.200 0.064 98.060
187  0.001 100.000 0.080 98.190 0.064 98.060
188  0.001 100.000 0.080 98.210 0.064 98.060
189  0.001 100.000 0.080 98.210 0.064 98.060
190  0.001 100.000 0.080 98.200 0.064 98.060
191  0.001 100.000 0.080 98.200 0.064 98.060
192  0.001 100.000 0.081 98.210 0.064 98.060
193  0.001 100.000 0.081 98.200 0.064 98.060
194  0.001 100.000 0.081 98.210 0.064 98.060
195  0.001 100.000 0.081 98.200 0.064 98.060
196  0.001 100.000 0.081 98.210 0.064 98.060
197  0.001 100.000 0.081 98.210 0.064 98.060
198  0.001 100.000 0.081 98.210 0.064 98.060
199  0.001 100.000 0.081 98.210 0.064 98.060
