0  0.495 91.600 0.165 96.190 0.171 95.890
1  0.135 96.932 0.126 96.930 0.129 96.640
2  0.103 97.560 0.111 97.280 0.112 97.030
3  0.086 97.928 0.100 97.490 0.100 97.240
4  0.075 98.172 0.095 97.590 0.095 97.380
5  0.068 98.326 0.089 97.610 0.089 97.440
6  0.061 98.542 0.086 97.730 0.086 97.530
7  0.057 98.650 0.084 97.760 0.083 97.610
8  0.053 98.784 0.081 97.830 0.080 97.620
9  0.049 98.864 0.079 97.820 0.080 97.620
10  0.047 98.950 0.078 97.890 0.076 97.690
11  0.044 99.014 0.077 97.830 0.076 97.690
12  0.042 99.068 0.075 97.950 0.074 97.800
13  0.040 99.120 0.075 97.900 0.074 97.800
14  0.038 99.170 0.074 97.940 0.074 97.800
15  0.036 99.204 0.073 97.930 0.074 97.800
16  0.035 99.244 0.073 97.930 0.074 97.800
17  0.033 99.296 0.072 97.950 0.070 97.950
18  0.032 99.312 0.071 97.970 0.070 97.900
19  0.031 99.366 0.071 97.990 0.069 97.930
20  0.030 99.396 0.071 98.050 0.069 97.930
21  0.029 99.418 0.071 98.100 0.069 97.970
22  0.028 99.460 0.070 98.000 0.069 97.970
23  0.027 99.460 0.070 98.030 0.069 97.970
24  0.026 99.486 0.070 98.030 0.069 97.970
25  0.025 99.532 0.070 98.090 0.069 97.970
26  0.024 99.538 0.070 98.160 0.067 97.980
27  0.024 99.564 0.069 98.100 0.067 97.980
28  0.023 99.578 0.068 98.120 0.067 97.980
29  0.022 99.608 0.068 98.130 0.067 97.980
30  0.022 99.636 0.070 98.120 0.067 97.980
31  0.021 99.646 0.068 98.180 0.066 98.000
32  0.020 99.664 0.069 98.110 0.066 98.000
33  0.020 99.692 0.068 98.160 0.066 98.000
34  0.019 99.706 0.069 98.150 0.066 98.000
35  0.019 99.726 0.068 98.130 0.066 98.000
36  0.018 99.728 0.068 98.130 0.066 98.000
37  0.018 99.740 0.068 98.230 0.065 98.000
38  0.017 99.754 0.068 98.180 0.065 98.000
39  0.017 99.774 0.068 98.190 0.065 98.000
40  0.017 99.770 0.068 98.220 0.065 98.000
41  0.016 99.806 0.068 98.150 0.065 98.000
42  0.016 99.790 0.068 98.240 0.065 98.030
43  0.015 99.812 0.069 98.120 0.065 98.030
44  0.015 99.804 0.068 98.160 0.065 98.030
45  0.015 99.826 0.068 98.200 0.065 98.030
46  0.014 99.848 0.069 98.230 0.065 98.030
47  0.014 99.848 0.069 98.230 0.065 98.030
48  0.014 99.856 0.068 98.210 0.065 98.030
49  0.013 99.860 0.069 98.220 0.065 98.030
50  0.013 99.870 0.068 98.220 0.065 98.030
51  0.013 99.874 0.068 98.150 0.065 98.030
52  0.013 99.870 0.069 98.180 0.065 98.030
53  0.012 99.882 0.069 98.150 0.065 98.030
54  0.012 99.882 0.068 98.190 0.065 98.030
55  0.012 99.892 0.069 98.190 0.065 98.030
56  0.012 99.882 0.069 98.170 0.065 98.030
57  0.011 99.896 0.069 98.190 0.065 98.030
58  0.011 99.898 0.069 98.200 0.065 98.030
59  0.011 99.902 0.069 98.190 0.065 98.030
60  0.011 99.912 0.069 98.160 0.065 98.030
61  0.011 99.910 0.069 98.180 0.065 98.030
62  0.010 99.912 0.069 98.210 0.065 98.030
63  0.010 99.914 0.069 98.230 0.065 98.030
64  0.010 99.912 0.069 98.250 0.065 98.040
65  0.010 99.920 0.069 98.200 0.065 98.040
66  0.010 99.922 0.070 98.260 0.065 97.990
67  0.009 99.928 0.070 98.180 0.065 97.990
68  0.009 99.928 0.069 98.200 0.065 97.990
69  0.009 99.926 0.070 98.210 0.065 97.990
70  0.009 99.936 0.069 98.210 0.065 97.990
71  0.009 99.940 0.070 98.170 0.065 97.990
72  0.009 99.942 0.070 98.160 0.065 97.990
73  0.009 99.938 0.069 98.210 0.065 97.990
74  0.008 99.942 0.070 98.220 0.065 97.990
75  0.008 99.942 0.070 98.230 0.065 97.990
76  0.008 99.950 0.070 98.190 0.065 97.990
77  0.008 99.946 0.070 98.210 0.065 97.990
78  0.008 99.962 0.070 98.190 0.065 97.990
79  0.008 99.956 0.070 98.170 0.065 97.990
80  0.008 99.958 0.070 98.200 0.065 97.990
81  0.007 99.952 0.071 98.240 0.065 97.990
82  0.007 99.960 0.071 98.190 0.065 97.990
83  0.007 99.958 0.070 98.200 0.065 97.990
84  0.007 99.964 0.071 98.280 0.066 98.010
85  0.007 99.964 0.071 98.160 0.066 98.010
86  0.007 99.968 0.070 98.200 0.066 98.010
87  0.007 99.968 0.070 98.210 0.066 98.010
88  0.007 99.970 0.071 98.200 0.066 98.010
89  0.007 99.972 0.071 98.180 0.066 98.010
90  0.007 99.972 0.071 98.250 0.066 98.010
91  0.006 99.970 0.071 98.210 0.066 98.010
92  0.006 99.976 0.071 98.250 0.066 98.010
93  0.006 99.978 0.071 98.210 0.066 98.010
94  0.006 99.978 0.071 98.240 0.066 98.010
95  0.006 99.982 0.072 98.150 0.066 98.010
96  0.006 99.978 0.071 98.200 0.066 98.010
97  0.006 99.976 0.072 98.200 0.066 98.010
98  0.006 99.978 0.072 98.180 0.066 98.010
99  0.006 99.976 0.072 98.220 0.066 98.010
100  0.006 99.980 0.072 98.250 0.066 98.010
101  0.006 99.982 0.072 98.180 0.066 98.010
102  0.006 99.982 0.072 98.160 0.066 98.010
103  0.005 99.980 0.072 98.180 0.066 98.010
104  0.005 99.986 0.072 98.220 0.066 98.010
105  0.005 99.984 0.072 98.210 0.066 98.010
106  0.005 99.984 0.072 98.200 0.066 98.010
107  0.005 99.986 0.072 98.200 0.066 98.010
108  0.005 99.986 0.072 98.180 0.066 98.010
109  0.005 99.984 0.072 98.190 0.066 98.010
110  0.005 99.986 0.072 98.160 0.066 98.010
111  0.005 99.984 0.072 98.170 0.066 98.010
112  0.005 99.986 0.073 98.230 0.066 98.010
113  0.005 99.986 0.073 98.220 0.066 98.010
114  0.005 99.986 0.073 98.180 0.066 98.010
115  0.005 99.986 0.073 98.180 0.066 98.010
116  0.005 99.988 0.073 98.200 0.066 98.010
117  0.005 99.988 0.073 98.220 0.066 98.010
118  0.005 99.988 0.073 98.170 0.066 98.010
119  0.005 99.988 0.073 98.200 0.066 98.010
120  0.004 99.990 0.073 98.200 0.066 98.010
121  0.004 99.988 0.073 98.220 0.066 98.010
122  0.004 99.988 0.073 98.210 0.066 98.010
123  0.004 99.988 0.074 98.200 0.066 98.010
124  0.004 99.988 0.073 98.200 0.066 98.010
125  0.004 99.992 0.073 98.190 0.066 98.010
126  0.004 99.990 0.074 98.200 0.066 98.010
127  0.004 99.992 0.074 98.200 0.066 98.010
128  0.004 99.992 0.074 98.210 0.066 98.010
129  0.004 99.994 0.074 98.190 0.066 98.010
130  0.004 99.990 0.074 98.220 0.066 98.010
131  0.004 99.992 0.074 98.210 0.066 98.010
132  0.004 99.994 0.074 98.210 0.066 98.010
133  0.004 99.992 0.074 98.200 0.066 98.010
134  0.004 99.992 0.074 98.200 0.066 98.010
135  0.004 99.990 0.074 98.190 0.066 98.010
136  0.004 99.992 0.074 98.210 0.066 98.010
137  0.004 99.992 0.074 98.200 0.066 98.010
138  0.004 99.994 0.074 98.180 0.066 98.010
139  0.004 99.994 0.074 98.190 0.066 98.010
140  0.004 99.996 0.074 98.210 0.066 98.010
141  0.004 99.998 0.075 98.190 0.066 98.010
142  0.004 99.996 0.074 98.190 0.066 98.010
143  0.004 99.996 0.074 98.170 0.066 98.010
144  0.003 99.996 0.075 98.200 0.066 98.010
145  0.003 99.996 0.075 98.160 0.066 98.010
146  0.003 99.996 0.074 98.180 0.066 98.010
147  0.003 99.994 0.075 98.190 0.066 98.010
148  0.003 99.998 0.075 98.180 0.066 98.010
149  0.003 99.996 0.075 98.200 0.066 98.010
150  0.003 99.996 0.075 98.200 0.066 98.010
151  0.003 99.996 0.075 98.170 0.066 98.010
152  0.003 99.996 0.075 98.160 0.066 98.010
153  0.003 99.996 0.075 98.160 0.066 98.010
154  0.003 99.998 0.075 98.190 0.066 98.010
155  0.003 99.996 0.075 98.200 0.066 98.010
156  0.003 99.996 0.076 98.210 0.066 98.010
157  0.003 99.998 0.076 98.190 0.066 98.010
158  0.003 99.998 0.075 98.150 0.066 98.010
159  0.003 99.998 0.076 98.170 0.066 98.010
160  0.003 99.996 0.076 98.170 0.066 98.010
161  0.003 99.998 0.076 98.180 0.066 98.010
162  0.003 99.996 0.076 98.180 0.066 98.010
163  0.003 99.998 0.076 98.200 0.066 98.010
164  0.003 99.998 0.076 98.160 0.066 98.010
165  0.003 99.998 0.076 98.180 0.066 98.010
166  0.003 99.998 0.076 98.130 0.066 98.010
167  0.003 99.998 0.076 98.180 0.066 98.010
168  0.003 99.998 0.076 98.150 0.066 98.010
169  0.003 99.998 0.076 98.150 0.066 98.010
170  0.003 99.998 0.076 98.170 0.066 98.010
171  0.003 99.998 0.076 98.150 0.066 98.010
172  0.003 99.998 0.076 98.160 0.066 98.010
173  0.003 99.998 0.077 98.150 0.066 98.010
174  0.003 99.998 0.076 98.190 0.066 98.010
175  0.003 99.998 0.077 98.140 0.066 98.010
176  0.003 99.998 0.076 98.180 0.066 98.010
177  0.003 99.998 0.077 98.190 0.066 98.010
178  0.003 99.998 0.077 98.210 0.066 98.010
179  0.003 99.998 0.077 98.180 0.066 98.010
180  0.003 99.998 0.077 98.240 0.066 98.010
181  0.003 99.998 0.077 98.170 0.066 98.010
182  0.003 99.998 0.077 98.180 0.066 98.010
183  0.003 99.998 0.077 98.140 0.066 98.010
184  0.002 99.998 0.077 98.190 0.066 98.010
185  0.002 99.998 0.077 98.210 0.066 98.010
186  0.002 99.998 0.077 98.230 0.066 98.010
187  0.002 99.998 0.077 98.160 0.066 98.010
188  0.002 99.998 0.077 98.210 0.066 98.010
189  0.002 99.998 0.077 98.160 0.066 98.010
190  0.002 99.998 0.077 98.150 0.066 98.010
191  0.002 99.998 0.077 98.180 0.066 98.010
192  0.002 99.998 0.077 98.170 0.066 98.010
193  0.002 99.998 0.078 98.200 0.066 98.010
194  0.002 100.000 0.078 98.170 0.066 98.010
195  0.002 99.998 0.078 98.150 0.066 98.010
196  0.002 100.000 0.077 98.200 0.066 98.010
197  0.002 99.998 0.078 98.200 0.066 98.010
198  0.002 100.000 0.078 98.160 0.066 98.010
199  0.002 99.998 0.078 98.160 0.066 98.010
