0  0.348 0.195 96.780 0.195 96.460
1  0.160 0.151 96.960 0.150 96.680
2  0.129 0.132 97.050 0.131 96.920
3  0.112 0.122 97.190 0.120 97.010
4  0.101 0.114 97.220 0.112 97.150
5  0.093 0.109 97.310 0.106 97.170
6  0.086 0.104 97.350 0.101 97.370
7  0.081 0.100 97.390 0.098 97.420
8  0.076 0.098 97.450 0.094 97.490
9  0.073 0.095 97.470 0.092 97.560
10  0.069 0.093 97.460 0.092 97.560
11  0.066 0.091 97.570 0.087 97.670
12  0.063 0.089 97.590 0.085 97.630
13  0.061 0.087 97.620 0.084 97.730
14  0.059 0.086 97.660 0.082 97.700
15  0.057 0.085 97.660 0.081 97.760
16  0.055 0.083 97.700 0.079 97.800
17  0.053 0.082 97.720 0.079 97.820
18  0.051 0.081 97.790 0.077 97.800
19  0.050 0.080 97.780 0.077 97.800
20  0.048 0.080 97.800 0.076 97.850
21  0.047 0.079 97.850 0.075 97.890
22  0.046 0.078 97.880 0.074 97.950
23  0.045 0.078 97.850 0.074 97.950
24  0.044 0.077 97.840 0.074 97.950
25  0.042 0.076 97.870 0.074 97.950
26  0.041 0.076 97.890 0.072 97.930
27  0.040 0.075 97.930 0.071 97.930
28  0.040 0.075 97.960 0.071 98.000
29  0.039 0.074 97.870 0.071 98.000
30  0.038 0.074 97.950 0.071 98.000
31  0.037 0.074 97.920 0.071 98.000
32  0.036 0.073 97.990 0.069 98.000
33  0.035 0.073 97.990 0.069 97.960
34  0.035 0.072 98.060 0.068 97.990
35  0.034 0.072 98.050 0.068 97.990
36  0.033 0.072 98.020 0.068 97.990
37  0.033 0.071 98.070 0.067 98.000
38  0.032 0.071 98.000 0.067 98.000
39  0.031 0.071 98.040 0.067 98.000
40  0.031 0.071 97.980 0.067 98.000
41  0.030 0.071 98.040 0.067 98.000
42  0.030 0.070 98.040 0.067 98.000
43  0.029 0.070 98.050 0.067 98.000
44  0.029 0.070 98.080 0.066 98.000
45  0.028 0.070 98.090 0.066 98.000
46  0.028 0.070 98.110 0.066 97.960
47  0.027 0.069 98.110 0.066 98.040
48  0.027 0.070 98.090 0.066 98.040
49  0.026 0.070 98.070 0.066 98.040
50  0.026 0.069 98.090 0.066 98.040
51  0.026 0.069 98.070 0.066 98.040
52  0.025 0.069 98.090 0.066 98.040
53  0.025 0.069 98.080 0.066 98.040
54  0.024 0.069 98.130 0.065 97.990
55  0.024 0.069 98.020 0.065 97.990
56  0.024 0.069 98.160 0.065 97.970
57  0.023 0.069 98.110 0.065 97.970
58  0.023 0.068 98.140 0.065 97.970
59  0.023 0.068 98.140 0.065 97.970
60  0.022 0.069 98.100 0.065 97.970
61  0.022 0.068 98.080 0.065 97.970
62  0.022 0.068 98.100 0.065 97.970
63  0.021 0.068 98.150 0.065 97.970
64  0.021 0.068 98.110 0.065 97.970
65  0.021 0.068 98.130 0.065 97.970
66  0.020 0.068 98.110 0.065 97.970
67  0.020 0.068 98.160 0.065 97.970
68  0.020 0.068 98.170 0.064 97.990
69  0.020 0.068 98.180 0.064 98.040
70  0.019 0.068 98.170 0.064 98.040
71  0.019 0.068 98.170 0.064 98.040
72  0.019 0.068 98.170 0.064 98.040
73  0.019 0.068 98.160 0.064 98.040
74  0.018 0.068 98.200 0.064 98.030
75  0.018 0.068 98.180 0.064 98.030
76  0.018 0.068 98.120 0.064 98.030
77  0.018 0.068 98.170 0.064 98.030
78  0.017 0.068 98.210 0.063 98.020
79  0.017 0.068 98.170 0.063 98.020
80  0.017 0.068 98.150 0.063 98.020
81  0.017 0.068 98.160 0.063 98.020
82  0.016 0.068 98.200 0.063 98.020
83  0.016 0.068 98.200 0.063 98.020
84  0.016 0.068 98.220 0.063 98.080
85  0.016 0.068 98.210 0.063 98.080
86  0.016 0.068 98.160 0.063 98.080
87  0.015 0.067 98.220 0.063 98.080
88  0.015 0.068 98.190 0.063 98.080
89  0.015 0.068 98.230 0.063 98.050
90  0.015 0.068 98.220 0.063 98.050
91  0.015 0.068 98.180 0.063 98.050
92  0.015 0.068 98.210 0.063 98.050
93  0.014 0.068 98.250 0.063 98.050
94  0.014 0.068 98.210 0.063 98.050
95  0.014 0.068 98.220 0.063 98.050
96  0.014 0.068 98.200 0.063 98.050
97  0.014 0.068 98.230 0.063 98.050
98  0.014 0.068 98.220 0.063 98.050
99  0.013 0.068 98.200 0.063 98.050
100  0.013 0.069 98.200 0.063 98.050
101  0.013 0.068 98.220 0.063 98.050
102  0.013 0.068 98.220 0.063 98.050
103  0.013 0.069 98.170 0.063 98.050
104  0.013 0.068 98.230 0.063 98.050
105  0.013 0.069 98.180 0.063 98.050
106  0.012 0.068 98.230 0.063 98.050
107  0.012 0.068 98.230 0.063 98.050
108  0.012 0.069 98.210 0.063 98.050
109  0.012 0.069 98.210 0.063 98.050
110  0.012 0.068 98.220 0.063 98.050
111  0.012 0.069 98.190 0.063 98.050
112  0.012 0.069 98.210 0.063 98.050
113  0.012 0.069 98.200 0.063 98.050
114  0.011 0.069 98.250 0.064 98.080
115  0.011 0.069 98.200 0.064 98.080
116  0.011 0.069 98.210 0.064 98.080
117  0.011 0.069 98.230 0.064 98.080
118  0.011 0.069 98.190 0.064 98.080
119  0.011 0.069 98.230 0.064 98.080
120  0.011 0.069 98.260 0.064 98.090
121  0.011 0.069 98.250 0.064 98.090
122  0.010 0.069 98.250 0.064 98.090
123  0.010 0.069 98.220 0.064 98.090
124  0.010 0.069 98.210 0.064 98.090
125  0.010 0.069 98.210 0.064 98.090
126  0.010 0.069 98.250 0.064 98.090
127  0.010 0.069 98.170 0.064 98.090
128  0.010 0.070 98.200 0.064 98.090
129  0.010 0.069 98.260 0.064 98.090
130  0.010 0.069 98.190 0.064 98.090
131  0.010 0.069 98.250 0.064 98.090
132  0.009 0.069 98.210 0.064 98.090
133  0.009 0.070 98.200 0.064 98.090
134  0.009 0.070 98.180 0.064 98.090
135  0.009 0.069 98.230 0.064 98.090
136  0.009 0.069 98.250 0.064 98.090
137  0.009 0.070 98.230 0.064 98.090
138  0.009 0.070 98.240 0.064 98.090
139  0.009 0.070 98.190 0.064 98.090
140  0.009 0.070 98.200 0.064 98.090
141  0.009 0.070 98.220 0.064 98.090
142  0.009 0.070 98.200 0.064 98.090
143  0.009 0.070 98.210 0.064 98.090
144  0.008 0.070 98.240 0.064 98.090
145  0.008 0.070 98.220 0.064 98.090
146  0.008 0.070 98.250 0.064 98.090
147  0.008 0.070 98.240 0.064 98.090
148  0.008 0.070 98.240 0.064 98.090
149  0.008 0.070 98.220 0.064 98.090
150  0.008 0.070 98.200 0.064 98.090
151  0.008 0.070 98.210 0.064 98.090
152  0.008 0.070 98.190 0.064 98.090
153  0.008 0.070 98.200 0.064 98.090
154  0.008 0.070 98.220 0.064 98.090
155  0.008 0.071 98.210 0.064 98.090
156  0.008 0.071 98.190 0.064 98.090
157  0.008 0.071 98.210 0.064 98.090
158  0.007 0.071 98.180 0.064 98.090
159  0.007 0.071 98.220 0.064 98.090
160  0.007 0.071 98.230 0.064 98.090
161  0.007 0.071 98.180 0.064 98.090
162  0.007 0.071 98.210 0.064 98.090
163  0.007 0.071 98.200 0.064 98.090
164  0.007 0.071 98.200 0.064 98.090
165  0.007 0.071 98.190 0.064 98.090
166  0.007 0.071 98.190 0.064 98.090
167  0.007 0.071 98.210 0.064 98.090
168  0.007 0.071 98.200 0.064 98.090
169  0.007 0.071 98.170 0.064 98.090
170  0.007 0.071 98.210 0.064 98.090
171  0.007 0.072 98.220 0.064 98.090
172  0.007 0.071 98.190 0.064 98.090
173  0.007 0.071 98.170 0.064 98.090
174  0.007 0.072 98.220 0.064 98.090
175  0.006 0.071 98.190 0.064 98.090
176  0.006 0.072 98.170 0.064 98.090
177  0.006 0.072 98.240 0.064 98.090
178  0.006 0.072 98.190 0.064 98.090
179  0.006 0.072 98.200 0.064 98.090
180  0.006 0.072 98.170 0.064 98.090
181  0.006 0.072 98.180 0.064 98.090
182  0.006 0.072 98.200 0.064 98.090
183  0.006 0.072 98.230 0.064 98.090
184  0.006 0.072 98.160 0.064 98.090
185  0.006 0.072 98.190 0.064 98.090
186  0.006 0.072 98.180 0.064 98.090
187  0.006 0.072 98.180 0.064 98.090
188  0.006 0.072 98.180 0.064 98.090
189  0.006 0.072 98.240 0.064 98.090
190  0.006 0.072 98.230 0.064 98.090
191  0.006 0.072 98.140 0.064 98.090
192  0.006 0.073 98.200 0.064 98.090
193  0.006 0.072 98.160 0.064 98.090
194  0.006 0.072 98.210 0.064 98.090
195  0.006 0.072 98.170 0.064 98.090
196  0.006 0.073 98.230 0.064 98.090
197  0.005 0.072 98.190 0.064 98.090
198  0.005 0.073 98.190 0.064 98.090
199  0.005 0.073 98.210 0.064 98.090
