0  2.301 13.578 2.297 7.556 2.296 10.000
1  2.272 10.689 2.239 8.444 2.225 12.100
2  2.114 24.578 2.005 32.000 1.987 32.900
3  1.967 31.756 1.937 31.333 1.987 32.900
4  1.904 33.489 1.871 34.667 1.882 35.200
5  1.841 36.333 1.811 37.111 1.853 34.600
6  1.780 38.244 1.751 38.444 1.784 38.200
7  1.719 39.778 1.687 41.333 1.720 41.900
8  1.668 41.778 1.643 42.889 1.712 39.800
9  1.617 42.733 1.601 42.667 1.712 39.800
10  1.590 43.711 1.575 46.222 1.622 43.700
11  1.556 45.956 1.513 48.889 1.575 45.300
12  1.517 46.711 1.496 48.444 1.575 45.300
13  1.490 47.311 1.474 49.333 1.527 47.100
14  1.461 48.778 1.469 48.444 1.527 47.100
15  1.440 49.756 1.458 48.222 1.527 47.100
16  1.414 50.178 1.436 51.778 1.487 47.900
17  1.385 52.222 1.470 48.889 1.487 47.900
18  1.361 52.889 1.402 51.111 1.487 47.900
19  1.342 53.600 1.379 54.222 1.415 50.400
20  1.310 54.556 1.381 52.889 1.415 50.400
21  1.292 55.533 1.363 54.444 1.392 51.400
22  1.266 56.311 1.451 49.556 1.392 51.400
23  1.244 57.200 1.348 51.778 1.392 51.400
24  1.216 58.156 1.347 54.000 1.392 51.400
25  1.196 59.133 1.355 53.556 1.392 51.400
26  1.168 59.756 1.325 54.889 1.366 51.700
27  1.140 61.333 1.346 52.000 1.366 51.700
28  1.120 61.733 1.323 53.556 1.366 51.700
29  1.097 62.622 1.293 55.111 1.302 54.500
30  1.072 63.600 1.339 52.667 1.302 54.500
31  1.058 64.533 1.293 56.222 1.315 55.400
32  1.035 64.911 1.291 54.000 1.315 55.400
33  1.007 65.933 1.347 54.222 1.315 55.400
34  0.980 67.689 1.298 57.333 1.278 57.900
35  0.962 67.911 1.359 52.000 1.278 57.900
36  0.932 68.467 1.304 53.778 1.278 57.900
37  0.912 69.844 1.303 55.556 1.278 57.900
38  0.887 70.578 1.306 56.667 1.278 57.900
39  0.865 71.556 1.297 56.889 1.278 57.900
40  0.844 72.178 1.301 55.556 1.278 57.900
41  0.819 73.444 1.299 55.778 1.278 57.900
42  0.789 73.956 1.367 52.889 1.278 57.900
43  0.762 75.267 1.358 54.444 1.278 57.900
44  0.737 75.133 1.335 57.333 1.278 57.900
45  0.723 76.378 1.350 54.889 1.278 57.900
46  0.697 77.378 1.341 56.889 1.278 57.900
47  0.675 77.911 1.330 58.222 1.297 58.300
48  0.645 78.911 1.359 56.444 1.297 58.300
49  0.628 80.222 1.374 55.556 1.297 58.300
50  0.601 81.511 1.357 57.778 1.297 58.300
51  0.570 81.533 1.502 55.111 1.297 58.300
52  0.545 82.378 1.407 55.556 1.297 58.300
53  0.532 83.089 1.405 56.444 1.297 58.300
54  0.498 84.111 1.443 55.556 1.297 58.300
55  0.481 84.667 1.419 58.000 1.297 58.300
56  0.450 85.733 1.416 57.778 1.297 58.300
57  0.427 86.644 1.480 57.556 1.297 58.300
58  0.395 87.933 1.553 57.778 1.297 58.300
59  0.376 88.622 1.495 57.111 1.297 58.300
60  0.355 89.067 1.614 55.111 1.297 58.300
61  0.331 89.889 1.715 55.333 1.297 58.300
62  0.310 90.956 1.546 56.889 1.297 58.300
63  0.285 91.489 1.572 59.556 1.578 58.300
64  0.264 92.511 1.743 58.222 1.578 58.300
65  0.240 93.178 1.776 58.000 1.578 58.300
66  0.232 93.533 1.704 56.222 1.578 58.300
67  0.205 94.200 1.781 58.889 1.578 58.300
68  0.185 95.244 1.738 58.000 1.578 58.300
69  0.167 95.667 2.093 52.667 1.578 58.300
70  0.155 95.911 1.933 55.778 1.578 58.300
71  0.135 96.667 1.918 54.889 1.578 58.300
72  0.130 96.667 1.890 57.778 1.578 58.300
73  0.108 97.578 1.932 58.222 1.578 58.300
74  0.100 97.422 1.971 57.556 1.578 58.300
75  0.090 97.822 2.071 56.889 1.578 58.300
76  0.082 98.289 2.184 56.222 1.578 58.300
77  0.075 98.111 2.180 58.222 1.578 58.300
78  0.065 98.644 2.541 57.778 1.578 58.300
79  0.065 98.422 2.209 57.111 1.578 58.300
80  0.051 99.133 2.333 58.667 1.578 58.300
81  0.053 99.000 2.337 56.222 1.578 58.300
82  0.050 98.822 2.353 56.222 1.578 58.300
83  0.054 98.756 2.428 56.667 1.578 58.300
84  0.027 99.556 2.555 56.444 1.578 58.300
85  0.032 99.267 2.826 56.667 1.578 58.300
86  0.044 98.756 3.063 53.778 1.578 58.300
87  0.033 99.289 2.719 56.222 1.578 58.300
88  0.018 99.689 3.763 52.889 1.578 58.300
89  0.024 99.378 2.705 58.000 1.578 58.300
90  0.029 99.244 2.739 58.222 1.578 58.300
91  0.019 99.667 3.257 52.889 1.578 58.300
92  0.031 99.222 2.795 58.444 1.578 58.300
93  0.028 99.311 2.766 57.556 1.578 58.300
94  0.010 99.800 2.843 58.889 1.578 58.300
95  0.009 99.867 2.930 57.556 1.578 58.300
96  0.011 99.778 3.115 57.556 1.578 58.300
97  0.013 99.711 3.169 57.778 1.578 58.300
98  0.023 99.244 3.214 58.000 1.578 58.300
99  0.002 100.000 3.183 58.222 1.578 58.300
