0  2.301 13.578 2.297 7.556 2.296 10.000
1  2.272 10.689 2.239 8.444 2.224 12.000
2  2.114 24.578 2.006 32.000 1.986 32.900
3  1.967 31.889 1.939 31.333 1.986 32.900
4  1.904 33.711 1.870 34.444 1.881 35.600
5  1.841 36.333 1.813 37.556 1.855 34.300
6  1.780 38.356 1.752 38.667 1.786 38.400
7  1.720 39.756 1.688 41.111 1.721 41.500
8  1.668 41.778 1.644 43.556 1.713 39.900
9  1.618 42.911 1.602 42.444 1.713 39.900
10  1.590 43.578 1.573 45.111 1.622 44.000
11  1.556 45.978 1.512 49.778 1.575 45.900
12  1.518 46.733 1.497 48.000 1.575 45.900
13  1.490 47.311 1.475 48.667 1.575 45.900
14  1.461 48.511 1.469 48.444 1.575 45.900
15  1.441 49.756 1.460 49.333 1.575 45.900
16  1.414 50.289 1.436 51.333 1.486 48.200
17  1.384 52.156 1.469 47.778 1.486 48.200
18  1.360 53.178 1.404 51.111 1.486 48.200
19  1.343 53.200 1.379 54.222 1.416 51.000
20  1.309 54.822 1.383 52.000 1.416 51.000
21  1.292 55.733 1.366 53.778 1.416 51.000
22  1.265 56.467 1.454 49.778 1.416 51.000
23  1.243 57.356 1.349 52.000 1.416 51.000
24  1.215 58.289 1.351 54.000 1.416 51.000
25  1.194 59.222 1.353 53.333 1.416 51.000
26  1.166 60.022 1.324 55.111 1.366 52.200
27  1.138 61.111 1.351 52.889 1.366 52.200
28  1.119 61.956 1.324 53.778 1.366 52.200
29  1.095 62.911 1.297 54.222 1.366 52.200
30  1.070 63.711 1.341 53.111 1.366 52.200
31  1.056 64.511 1.297 56.222 1.318 55.500
32  1.032 65.222 1.294 53.778 1.318 55.500
33  1.004 66.244 1.350 54.000 1.318 55.500
34  0.977 67.422 1.305 57.556 1.284 57.400
35  0.958 68.178 1.367 52.667 1.284 57.400
36  0.927 68.711 1.311 53.333 1.284 57.400
37  0.907 70.089 1.307 55.333 1.284 57.400
38  0.881 70.778 1.308 56.667 1.284 57.400
39  0.857 71.756 1.305 55.556 1.284 57.400
40  0.838 72.422 1.305 54.444 1.284 57.400
41  0.811 73.711 1.310 57.111 1.284 57.400
42  0.781 74.222 1.365 54.889 1.284 57.400
43  0.753 75.311 1.367 54.444 1.284 57.400
44  0.726 75.733 1.347 57.111 1.284 57.400
45  0.712 76.756 1.367 54.889 1.284 57.400
46  0.685 77.844 1.357 56.000 1.284 57.400
47  0.663 78.400 1.337 57.111 1.284 57.400
48  0.633 79.378 1.365 56.667 1.284 57.400
49  0.613 80.556 1.389 55.556 1.284 57.400
50  0.588 81.822 1.365 57.556 1.284 57.400
51  0.555 82.467 1.531 54.889 1.284 57.400
52  0.530 83.022 1.444 55.333 1.284 57.400
53  0.518 83.800 1.430 54.667 1.284 57.400
54  0.484 85.133 1.470 55.556 1.284 57.400
55  0.467 85.222 1.452 56.667 1.284 57.400
56  0.433 86.422 1.449 56.889 1.284 57.400
57  0.413 87.244 1.498 57.333 1.284 57.400
58  0.378 88.244 1.577 56.444 1.284 57.400
59  0.360 89.222 1.555 56.000 1.284 57.400
60  0.340 89.578 1.690 54.222 1.284 57.400
61  0.314 90.422 1.740 54.222 1.284 57.400
62  0.292 91.511 1.601 56.667 1.284 57.400
63  0.268 92.267 1.611 57.556 1.284 57.400
64  0.249 92.911 1.767 56.222 1.284 57.400
65  0.225 93.533 1.791 57.556 1.773 58.100
66  0.219 93.956 1.785 54.889 1.773 58.100
67  0.190 94.578 1.851 57.778 1.822 60.000
68  0.171 95.556 1.805 56.444 1.822 60.000
69  0.157 95.956 2.158 52.444 1.822 60.000
70  0.142 96.467 1.969 57.778 1.822 60.000
71  0.123 97.022 1.901 56.222 1.822 60.000
72  0.123 96.800 1.946 57.111 1.822 60.000
73  0.097 98.222 2.024 56.444 1.822 60.000
74  0.093 97.822 2.059 56.444 1.822 60.000
75  0.081 98.178 2.140 55.333 1.822 60.000
76  0.076 98.178 2.135 55.778 1.822 60.000
77  0.065 98.644 2.258 57.111 1.822 60.000
78  0.066 98.644 2.915 55.111 1.822 60.000
79  0.057 98.733 2.379 56.000 1.822 60.000
80  0.047 99.156 2.592 56.889 1.822 60.000
81  0.051 98.822 2.401 56.000 1.822 60.000
82  0.035 99.289 2.459 57.556 1.822 60.000
83  0.039 99.222 2.497 57.111 1.822 60.000
84  0.046 98.889 2.541 57.111 1.822 60.000
85  0.036 99.222 2.788 55.778 1.822 60.000
86  0.029 99.222 2.802 54.667 1.822 60.000
87  0.034 99.356 2.688 57.111 1.822 60.000
88  0.032 99.222 2.704 58.222 2.708 60.400
89  0.016 99.689 2.758 56.889 2.708 60.400
90  0.018 99.600 2.857 56.222 2.708 60.400
91  0.030 99.400 2.826 56.000 2.708 60.400
92  0.017 99.489 3.514 53.111 2.708 60.400
93  0.016 99.600 2.926 56.444 2.708 60.400
94  0.020 99.400 2.981 56.222 2.708 60.400
95  0.011 99.822 3.067 57.111 2.708 60.400
96  0.026 99.511 3.181 56.889 2.708 60.400
97  0.023 99.578 3.178 56.667 2.708 60.400
98  0.001 100.000 3.317 56.444 2.708 60.400
99  0.014 99.733 3.340 56.222 2.708 60.400
