0  2.302 10.489 2.302 13.556 2.302 14.900
1  2.302 13.400 2.302 14.222 2.302 16.000
2  2.301 13.622 2.301 14.000 2.302 16.000
3  2.299 16.067 2.298 10.889 2.302 16.000
4  2.289 12.511 2.288 11.333 2.302 16.000
5  2.261 15.933 2.249 15.111 2.230 17.200
6  2.191 21.778 2.154 23.333 2.124 23.700
7  2.108 26.067 2.088 25.778 2.051 27.500
8  2.063 27.800 2.058 27.778 2.017 29.200
9  2.032 29.044 2.045 28.667 1.987 29.800
10  2.002 31.556 2.021 29.556 1.958 30.600
11  1.969 32.822 2.018 30.000 1.945 33.100
12  1.942 33.156 1.988 30.667 1.913 33.300
13  1.917 33.733 1.972 30.667 1.891 34.400
14  1.889 35.267 1.941 32.667 1.875 34.600
15  1.864 36.000 1.916 35.556 1.852 35.400
16  1.836 37.222 1.907 33.556 1.852 35.400
17  1.816 37.333 1.896 33.333 1.852 35.400
18  1.794 37.689 1.870 34.667 1.852 35.400
19  1.780 38.422 1.855 37.111 1.800 37.200
20  1.760 38.978 1.838 36.889 1.800 37.200
21  1.742 38.822 1.881 34.889 1.800 37.200
22  1.729 40.178 1.831 35.556 1.800 37.200
23  1.717 40.044 1.811 36.000 1.800 37.200
24  1.700 40.889 1.829 37.556 1.769 38.000
25  1.691 41.422 1.788 37.556 1.763 38.100
26  1.670 41.489 1.804 36.667 1.763 38.100
27  1.661 42.333 1.801 37.111 1.763 38.100
28  1.651 42.156 1.778 37.556 1.763 38.100
29  1.638 42.533 1.792 37.111 1.763 38.100
30  1.623 43.933 1.796 37.333 1.763 38.100
31  1.616 43.778 1.792 36.889 1.763 38.100
32  1.603 43.978 1.786 38.889 1.727 39.000
33  1.597 44.178 1.801 38.222 1.727 39.000
34  1.580 45.756 1.762 38.222 1.727 39.000
35  1.572 45.733 1.763 39.333 1.710 39.200
36  1.557 46.111 1.770 38.889 1.710 39.200
37  1.548 46.978 1.740 38.889 1.710 39.200
38  1.527 47.178 1.758 38.222 1.710 39.200
39  1.518 48.333 1.740 37.778 1.710 39.200
40  1.505 47.667 1.773 36.667 1.710 39.200
41  1.493 48.422 1.779 38.444 1.710 39.200
42  1.477 48.844 1.728 38.444 1.710 39.200
43  1.464 49.378 1.738 40.000 1.675 40.800
44  1.444 50.311 1.753 40.000 1.696 42.100
45  1.432 51.044 1.708 42.000 1.668 42.000
46  1.404 51.289 1.712 41.556 1.668 42.000
47  1.395 52.600 1.670 40.889 1.668 42.000
48  1.368 52.778 1.683 41.778 1.668 42.000
49  1.353 53.733 1.653 42.444 1.591 45.000
50  1.328 54.089 1.661 42.000 1.591 45.000
51  1.311 55.222 1.632 41.778 1.591 45.000
52  1.290 55.600 1.674 44.000 1.619 43.800
53  1.270 55.489 1.664 44.889 1.615 47.000
54  1.265 56.844 1.626 43.111 1.615 47.000
55  1.248 57.178 1.653 42.889 1.615 47.000
56  1.223 57.867 1.641 42.222 1.615 47.000
57  1.213 58.022 1.581 46.222 1.540 48.200
58  1.203 59.022 1.623 45.333 1.540 48.200
59  1.184 59.156 1.597 45.333 1.540 48.200
60  1.169 59.911 1.704 43.333 1.540 48.200
61  1.154 60.400 1.610 43.778 1.540 48.200
62  1.153 60.644 1.577 45.556 1.540 48.200
63  1.135 61.600 1.622 45.778 1.540 48.200
64  1.122 61.689 1.599 46.000 1.540 48.200
65  1.107 61.911 1.643 44.444 1.540 48.200
66  1.092 62.711 1.619 45.556 1.540 48.200
67  1.082 63.378 1.598 45.333 1.540 48.200
68  1.070 63.822 1.630 44.222 1.540 48.200
69  1.055 64.378 1.654 44.444 1.540 48.200
70  1.044 63.889 1.594 48.000 1.535 48.700
71  1.028 65.356 1.685 46.222 1.535 48.700
72  1.014 65.222 1.647 45.556 1.535 48.700
73  1.000 66.311 1.637 44.889 1.535 48.700
74  0.991 66.244 1.633 46.667 1.535 48.700
75  0.971 66.689 1.661 47.111 1.535 48.700
76  0.962 67.333 1.642 48.667 1.583 49.100
77  0.949 67.756 1.682 45.778 1.583 49.100
78  0.941 68.311 1.675 44.667 1.583 49.100
79  0.920 68.333 1.681 46.667 1.583 49.100
80  0.907 69.467 1.718 46.000 1.583 49.100
81  0.901 69.422 1.747 45.333 1.583 49.100
82  0.883 70.489 1.745 44.667 1.583 49.100
83  0.865 70.556 1.730 45.333 1.583 49.100
84  0.862 71.422 1.747 45.111 1.583 49.100
85  0.843 71.511 1.722 46.667 1.583 49.100
86  0.833 72.378 1.725 45.556 1.583 49.100
87  0.822 72.844 1.716 47.333 1.583 49.100
88  0.801 73.733 1.710 49.556 1.654 48.800
89  0.794 73.889 1.747 47.556 1.654 48.800
90  0.778 73.933 1.813 46.000 1.654 48.800
91  0.770 73.978 1.802 44.889 1.654 48.800
92  0.750 74.911 1.903 43.556 1.654 48.800
93  0.741 74.911 1.799 47.111 1.654 48.800
94  0.728 75.778 1.804 47.556 1.654 48.800
95  0.715 76.244 1.865 46.667 1.654 48.800
96  0.698 76.333 1.832 46.444 1.654 48.800
97  0.687 77.289 1.849 46.667 1.654 48.800
98  0.676 77.089 1.900 45.111 1.654 48.800
99  0.656 78.444 1.911 46.667 1.654 48.800
