0  2.302 10.533 2.302 13.778 2.302 15.300
1  2.302 13.578 2.302 14.667 2.302 15.900
2  2.301 13.711 2.301 14.444 2.302 15.900
3  2.299 16.000 2.298 10.889 2.302 15.900
4  2.289 12.578 2.288 11.333 2.302 15.900
5  2.261 16.000 2.249 15.333 2.229 17.400
6  2.191 22.000 2.155 23.778 2.124 23.300
7  2.108 26.222 2.088 26.222 2.051 27.300
8  2.063 27.933 2.058 27.333 2.017 29.400
9  2.032 29.200 2.044 28.444 1.986 29.800
10  2.001 31.400 2.021 29.556 1.957 30.600
11  1.968 32.956 2.018 30.667 1.945 33.000
12  1.941 33.111 1.988 31.111 1.912 32.800
13  1.915 33.733 1.972 30.889 1.912 32.800
14  1.887 35.156 1.941 33.556 1.874 34.500
15  1.862 36.044 1.915 35.333 1.849 36.100
16  1.834 37.311 1.906 33.556 1.849 36.100
17  1.814 37.356 1.894 34.444 1.849 36.100
18  1.792 37.600 1.866 34.222 1.849 36.100
19  1.778 38.778 1.851 36.667 1.799 37.100
20  1.759 38.756 1.835 36.889 1.791 38.100
21  1.741 38.800 1.879 34.222 1.791 38.100
22  1.728 40.200 1.826 36.000 1.791 38.100
23  1.716 40.178 1.806 35.778 1.791 38.100
24  1.699 40.556 1.825 37.333 1.768 37.900
25  1.690 41.600 1.787 37.333 1.768 37.900
26  1.670 41.267 1.801 36.444 1.768 37.900
27  1.661 42.400 1.797 36.667 1.768 37.900
28  1.650 42.244 1.774 37.556 1.743 39.000
29  1.637 42.533 1.785 37.778 1.746 39.200
30  1.622 43.867 1.793 37.778 1.753 37.900
31  1.615 43.800 1.790 36.222 1.753 37.900
32  1.602 43.844 1.781 37.778 1.753 37.900
33  1.597 44.400 1.798 37.333 1.753 37.900
34  1.579 45.867 1.758 38.667 1.743 38.100
35  1.572 45.444 1.759 38.889 1.712 38.800
36  1.557 46.089 1.765 39.556 1.722 39.100
37  1.547 47.200 1.737 38.444 1.722 39.100
38  1.526 47.333 1.754 38.000 1.722 39.100
39  1.517 48.422 1.737 38.667 1.722 39.100
40  1.504 47.644 1.762 37.111 1.722 39.100
41  1.492 48.600 1.779 39.111 1.722 39.100
42  1.476 49.000 1.726 38.000 1.722 39.100
43  1.464 49.889 1.735 40.000 1.674 40.500
44  1.444 50.533 1.747 40.667 1.700 40.700
45  1.431 51.289 1.703 41.778 1.669 42.100
46  1.403 51.511 1.707 42.000 1.657 42.300
47  1.393 52.667 1.661 41.111 1.657 42.300
48  1.366 53.022 1.673 41.778 1.657 42.300
49  1.351 53.800 1.651 43.556 1.593 44.400
50  1.325 54.178 1.655 42.667 1.593 44.400
51  1.309 55.111 1.625 42.444 1.593 44.400
52  1.286 56.111 1.666 44.667 1.621 43.500
53  1.267 55.600 1.658 44.222 1.621 43.500
54  1.261 57.244 1.618 44.222 1.621 43.500
55  1.245 57.911 1.647 42.444 1.621 43.500
56  1.219 58.267 1.637 42.889 1.621 43.500
57  1.210 57.933 1.580 46.444 1.544 47.900
58  1.198 59.178 1.614 45.778 1.544 47.900
59  1.180 59.400 1.591 45.778 1.544 47.900
60  1.165 59.956 1.697 44.889 1.544 47.900
61  1.150 60.667 1.597 46.444 1.544 47.900
62  1.149 60.956 1.573 46.000 1.544 47.900
63  1.130 61.689 1.610 46.222 1.544 47.900
64  1.118 61.978 1.589 46.889 1.532 49.300
65  1.102 62.178 1.638 44.667 1.532 49.300
66  1.088 62.867 1.604 45.778 1.532 49.300
67  1.077 63.911 1.597 45.333 1.532 49.300
68  1.063 64.022 1.623 44.889 1.532 49.300
69  1.049 64.911 1.643 44.222 1.532 49.300
70  1.039 64.733 1.590 47.333 1.546 48.200
71  1.022 65.711 1.679 47.556 1.609 47.300
72  1.009 65.822 1.644 45.778 1.609 47.300
73  0.994 66.756 1.635 45.333 1.609 47.300
74  0.985 66.711 1.627 45.778 1.609 47.300
75  0.965 67.000 1.672 46.667 1.609 47.300
76  0.957 67.711 1.633 46.667 1.609 47.300
77  0.945 67.956 1.677 45.778 1.609 47.300
78  0.937 68.133 1.665 46.000 1.609 47.300
79  0.914 68.911 1.660 45.778 1.609 47.300
80  0.902 69.556 1.700 45.111 1.609 47.300
81  0.896 69.533 1.742 43.556 1.609 47.300
82  0.876 71.467 1.739 44.889 1.609 47.300
83  0.860 71.378 1.718 46.444 1.609 47.300
84  0.857 71.511 1.738 45.778 1.609 47.300
85  0.838 72.022 1.713 46.667 1.609 47.300
86  0.827 72.933 1.712 46.444 1.609 47.300
87  0.816 72.600 1.716 46.667 1.609 47.300
88  0.796 74.111 1.697 48.667 1.681 48.600
89  0.787 73.889 1.742 47.556 1.681 48.600
90  0.773 74.133 1.790 45.111 1.681 48.600
91  0.762 74.311 1.784 46.000 1.681 48.600
92  0.742 75.800 1.891 44.222 1.681 48.600
93  0.735 75.756 1.774 47.556 1.681 48.600
94  0.722 75.956 1.768 46.889 1.681 48.600
95  0.709 76.289 1.841 47.778 1.681 48.600
96  0.691 76.467 1.814 46.444 1.681 48.600
97  0.681 77.489 1.843 46.000 1.681 48.600
98  0.669 77.467 1.884 45.778 1.681 48.600
99  0.651 78.556 1.840 47.778 1.681 48.600
