0  1.957 1.571 48.000 1.571 47.070
1  1.487 1.304 54.840 1.309 54.690
2  1.280 1.130 61.300 1.143 60.030
3  1.145 1.008 65.920 1.028 64.220
4  1.057 0.953 67.680 0.975 65.980
5  0.988 0.910 69.120 0.936 67.420
6  0.930 0.856 70.920 0.878 69.500
7  0.885 0.819 72.280 0.841 70.720
8  0.844 0.783 73.860 0.807 72.320
9  0.809 0.755 75.080 0.782 73.060
10  0.774 0.742 74.820 0.782 73.060
11  0.741 0.703 76.120 0.727 75.100
12  0.717 0.698 76.540 0.721 75.480
13  0.694 0.689 76.700 0.711 75.510
14  0.667 0.668 77.640 0.688 76.250
15  0.643 0.646 78.260 0.670 76.750
16  0.625 0.648 78.220 0.670 76.750
17  0.609 0.647 78.100 0.670 76.750
18  0.587 0.631 78.700 0.653 77.390
19  0.575 0.641 78.600 0.653 77.390
20  0.556 0.610 79.360 0.637 78.220
21  0.545 0.624 79.520 0.652 78.120
22  0.526 0.625 79.340 0.652 78.120
23  0.518 0.594 80.360 0.616 79.210
24  0.506 0.589 80.540 0.610 79.140
25  0.491 0.583 80.820 0.607 79.740
26  0.476 0.597 80.500 0.607 79.740
27  0.469 0.585 80.540 0.607 79.740
28  0.452 0.592 80.380 0.607 79.740
29  0.450 0.584 80.880 0.608 79.540
30  0.435 0.590 80.740 0.608 79.540
31  0.426 0.600 80.760 0.608 79.540
32  0.424 0.601 81.140 0.622 80.060
33  0.409 0.586 81.280 0.607 80.230
34  0.408 0.603 80.660 0.607 80.230
35  0.402 0.587 81.420 0.612 80.210
36  0.390 0.566 81.800 0.592 80.680
37  0.385 0.596 81.180 0.592 80.680
38  0.381 0.592 81.400 0.592 80.680
39  0.376 0.623 81.060 0.592 80.680
40  0.373 0.602 81.280 0.592 80.680
41  0.361 0.593 81.560 0.592 80.680
42  0.358 0.599 81.680 0.592 80.680
43  0.360 0.612 80.720 0.592 80.680
44  0.357 0.570 82.160 0.592 81.170
45  0.348 0.579 81.500 0.592 81.170
46  0.349 0.593 81.560 0.592 81.170
47  0.344 0.593 81.820 0.592 81.170
48  0.341 0.580 81.620 0.592 81.170
49  0.341 0.591 81.800 0.592 81.170
50  0.339 0.577 81.720 0.592 81.170
51  0.333 0.611 81.500 0.592 81.170
52  0.330 0.587 82.120 0.592 81.170
53  0.332 0.572 81.740 0.592 81.170
54  0.328 0.625 81.600 0.592 81.170
55  0.333 0.602 81.900 0.592 81.170
56  0.331 0.603 80.920 0.592 81.170
57  0.325 0.588 82.120 0.592 81.170
58  0.325 0.578 81.780 0.592 81.170
59  0.323 0.564 81.860 0.592 81.170
60  0.325 0.642 81.480 0.592 81.170
61  0.326 0.591 81.800 0.592 81.170
62  0.327 0.619 81.760 0.592 81.170
63  0.319 0.621 81.680 0.592 81.170
64  0.318 0.589 81.900 0.592 81.170
65  0.321 0.595 82.020 0.592 81.170
66  0.321 0.575 82.020 0.592 81.170
67  0.319 0.630 81.780 0.592 81.170
68  0.319 0.606 82.140 0.592 81.170
69  0.319 0.566 82.240 0.570 81.980
70  0.314 0.617 82.120 0.570 81.980
71  0.318 0.634 81.760 0.570 81.980
72  0.313 0.600 82.160 0.570 81.980
73  0.311 0.570 81.820 0.570 81.980
74  0.314 0.583 82.380 0.594 81.800
75  0.312 0.618 81.460 0.594 81.800
76  0.307 0.580 82.620 0.595 81.510
77  0.309 0.624 81.920 0.595 81.510
78  0.310 0.612 81.800 0.595 81.510
79  0.307 0.622 81.880 0.595 81.510
80  0.297 0.597 82.120 0.595 81.510
81  0.306 0.650 81.680 0.595 81.510
82  0.306 0.633 82.160 0.595 81.510
83  0.304 0.617 81.780 0.595 81.510
84  0.302 0.618 82.220 0.595 81.510
85  0.297 0.593 82.480 0.595 81.510
86  0.307 0.588 82.160 0.595 81.510
87  0.295 0.607 82.720 0.612 81.840
88  0.301 0.623 82.260 0.612 81.840
89  0.294 0.641 81.980 0.612 81.840
90  0.301 0.635 81.700 0.612 81.840
91  0.297 0.605 82.100 0.612 81.840
92  0.301 0.598 82.240 0.612 81.840
93  0.297 0.647 81.500 0.612 81.840
94  0.289 0.583 82.360 0.612 81.840
95  0.290 0.631 82.240 0.612 81.840
96  0.290 0.600 82.160 0.612 81.840
97  0.289 0.623 82.340 0.612 81.840
98  0.286 0.604 82.340 0.612 81.840
99  0.282 0.624 81.900 0.612 81.840
