0  0.691 0.722 76.180 0.737 74.860
1  0.465 0.694 77.580 0.703 76.480
2  0.404 0.674 78.480 0.688 76.990
3  0.359 0.682 78.400 0.688 76.990
4  0.322 0.675 79.100 0.684 78.230
5  0.290 0.686 79.220 0.696 78.190
6  0.261 0.698 78.900 0.696 78.190
7  0.236 0.720 79.360 0.732 78.530
8  0.213 0.721 79.460 0.740 78.600
9  0.192 0.755 79.280 0.740 78.600
10  0.172 0.758 79.780 0.781 78.550
11  0.154 0.772 79.940 0.791 78.630
12  0.137 0.806 79.600 0.791 78.630
13  0.122 0.821 79.680 0.791 78.630
14  0.106 0.845 80.020 0.871 78.510
15  0.092 0.880 79.600 0.871 78.510
16  0.080 0.917 79.780 0.871 78.510
17  0.069 0.943 79.160 0.871 78.510
18  0.059 0.990 79.660 0.871 78.510
19  0.049 1.029 79.740 0.871 78.510
20  0.041 1.083 79.400 0.871 78.510
21  0.034 1.102 79.660 0.871 78.510
22  0.028 1.177 79.480 0.871 78.510
23  0.023 1.207 79.380 0.871 78.510
24  0.018 1.255 79.140 0.871 78.510
25  0.014 1.304 79.180 0.871 78.510
26  0.011 1.385 79.540 0.871 78.510
27  0.009 1.444 79.180 0.871 78.510
28  0.007 1.488 79.300 0.871 78.510
29  0.006 1.551 79.260 0.871 78.510
30  0.005 1.600 79.340 0.871 78.510
31  0.004 1.671 79.300 0.871 78.510
32  0.003 1.726 79.340 0.871 78.510
33  0.002 1.775 79.260 0.871 78.510
34  0.002 1.899 78.820 0.871 78.510
35  0.002 1.937 78.980 0.871 78.510
36  0.001 1.966 79.040 0.871 78.510
37  0.001 2.026 79.060 0.871 78.510
38  0.001 2.063 79.060 0.871 78.510
39  0.001 2.121 79.320 0.871 78.510
40  0.000 2.174 78.900 0.871 78.510
41  0.000 2.215 79.200 0.871 78.510
42  0.000 2.267 79.140 0.871 78.510
43  0.000 2.299 79.200 0.871 78.510
44  0.000 2.351 79.100 0.871 78.510
45  0.000 2.381 79.180 0.871 78.510
46  0.000 2.425 78.960 0.871 78.510
47  0.000 2.441 79.000 0.871 78.510
48  0.000 2.478 79.080 0.871 78.510
49  0.000 2.504 78.980 0.871 78.510
50  0.000 2.527 79.120 0.871 78.510
51  0.000 2.551 79.020 0.871 78.510
52  0.000 2.575 79.020 0.871 78.510
53  0.000 2.594 79.060 0.871 78.510
54  0.000 2.613 79.020 0.871 78.510
55  0.000 2.634 79.020 0.871 78.510
56  0.000 2.646 79.200 0.871 78.510
57  0.000 2.667 79.020 0.871 78.510
58  0.000 2.687 78.960 0.871 78.510
59  0.000 2.704 79.100 0.871 78.510
60  0.000 2.723 78.940 0.871 78.510
61  0.000 2.731 79.020 0.871 78.510
62  0.000 2.745 79.120 0.871 78.510
63  0.000 2.754 79.060 0.871 78.510
64  0.000 2.767 79.060 0.871 78.510
65  0.000 2.789 78.980 0.871 78.510
66  0.000 2.796 79.100 0.871 78.510
67  0.000 2.801 78.980 0.871 78.510
68  0.000 2.815 78.960 0.871 78.510
69  0.000 2.829 79.020 0.871 78.510
70  0.000 2.835 78.940 0.871 78.510
71  0.000 2.848 79.040 0.871 78.510
72  0.000 2.859 79.060 0.871 78.510
73  0.000 2.870 79.140 0.871 78.510
74  0.000 2.874 79.080 0.871 78.510
75  0.000 2.883 78.940 0.871 78.510
76  0.000 2.891 78.960 0.871 78.510
77  0.000 2.903 79.060 0.871 78.510
78  0.000 2.914 79.120 0.871 78.510
79  0.000 2.922 79.000 0.871 78.510
80  0.000 2.925 79.000 0.871 78.510
81  0.000 2.934 79.020 0.871 78.510
82  0.000 2.941 79.040 0.871 78.510
83  0.000 2.952 78.960 0.871 78.510
84  0.000 2.958 79.060 0.871 78.510
85  0.000 2.965 78.960 0.871 78.510
86  0.000 2.970 79.020 0.871 78.510
87  0.000 2.979 79.060 0.871 78.510
88  0.000 2.989 79.060 0.871 78.510
89  0.000 2.996 78.960 0.871 78.510
90  0.000 3.002 79.020 0.871 78.510
91  0.000 3.007 78.980 0.871 78.510
92  0.000 3.010 78.980 0.871 78.510
93  0.000 3.014 79.000 0.871 78.510
94  0.000 3.025 79.020 0.871 78.510
95  0.000 3.032 78.960 0.871 78.510
96  0.000 3.037 78.940 0.871 78.510
97  0.000 3.044 78.980 0.871 78.510
98  0.000 3.051 78.980 0.871 78.510
99  0.000 3.053 78.900 0.871 78.510
