0  0.497 91.176 0.198 95.710 0.206 95.310
1  0.163 96.518 0.157 96.140 0.163 95.710
2  0.131 96.960 0.139 96.380 0.146 95.900
3  0.114 97.198 0.130 96.430 0.135 96.010
4  0.104 97.382 0.124 96.570 0.128 96.190
5  0.096 97.498 0.119 96.600 0.122 96.280
6  0.091 97.596 0.116 96.690 0.119 96.350
7  0.086 97.646 0.113 96.760 0.116 96.380
8  0.083 97.690 0.112 96.830 0.114 96.510
9  0.080 97.762 0.109 96.850 0.112 96.630
10  0.077 97.810 0.108 96.920 0.109 96.580
11  0.074 97.838 0.107 96.940 0.108 96.690
12  0.073 97.914 0.106 97.010 0.107 96.720
13  0.071 97.930 0.105 97.000 0.107 96.720
14  0.069 97.962 0.104 97.030 0.105 96.810
15  0.067 98.024 0.103 97.080 0.103 96.830
16  0.066 98.018 0.102 97.070 0.103 96.830
17  0.064 98.030 0.102 97.170 0.101 96.840
18  0.063 98.064 0.101 97.020 0.101 96.840
19  0.062 98.102 0.100 97.160 0.101 96.840
20  0.061 98.150 0.101 97.060 0.101 96.840
21  0.060 98.164 0.100 97.170 0.101 96.840
22  0.059 98.214 0.099 97.280 0.098 97.030
23  0.058 98.234 0.098 97.180 0.098 97.030
24  0.057 98.250 0.099 97.260 0.098 97.030
25  0.056 98.288 0.097 97.310 0.096 97.150
26  0.055 98.282 0.098 97.280 0.096 97.150
27  0.054 98.302 0.097 97.280 0.096 97.150
28  0.053 98.358 0.096 97.330 0.094 97.120
29  0.053 98.372 0.096 97.340 0.094 97.210
30  0.052 98.394 0.095 97.360 0.093 97.180
31  0.051 98.410 0.095 97.370 0.092 97.180
32  0.050 98.458 0.095 97.360 0.092 97.180
33  0.050 98.450 0.095 97.360 0.092 97.180
34  0.049 98.462 0.094 97.400 0.091 97.280
35  0.048 98.488 0.094 97.370 0.091 97.280
36  0.048 98.498 0.093 97.420 0.091 97.290
37  0.047 98.530 0.093 97.390 0.091 97.290
38  0.046 98.526 0.093 97.390 0.091 97.290
39  0.046 98.576 0.092 97.440 0.089 97.340
40  0.045 98.602 0.093 97.500 0.088 97.360
41  0.044 98.618 0.092 97.440 0.088 97.360
42  0.044 98.640 0.091 97.510 0.089 97.380
43  0.043 98.654 0.092 97.500 0.089 97.380
44  0.043 98.674 0.091 97.510 0.089 97.380
45  0.042 98.700 0.091 97.510 0.089 97.380
46  0.042 98.742 0.091 97.440 0.089 97.380
47  0.041 98.740 0.091 97.540 0.087 97.480
48  0.041 98.750 0.090 97.490 0.087 97.480
49  0.040 98.752 0.091 97.520 0.087 97.480
50  0.040 98.772 0.091 97.500 0.087 97.480
51  0.040 98.792 0.091 97.480 0.087 97.480
52  0.039 98.792 0.091 97.530 0.087 97.480
53  0.039 98.826 0.091 97.430 0.087 97.480
54  0.038 98.846 0.090 97.510 0.087 97.480
55  0.038 98.866 0.090 97.550 0.086 97.540
56  0.038 98.852 0.090 97.500 0.086 97.540
57  0.037 98.872 0.090 97.470 0.086 97.540
58  0.037 98.884 0.090 97.500 0.086 97.540
59  0.037 98.908 0.090 97.490 0.086 97.540
60  0.036 98.920 0.090 97.540 0.086 97.540
61  0.036 98.946 0.090 97.460 0.086 97.540
62  0.036 98.946 0.090 97.520 0.086 97.540
63  0.035 98.960 0.090 97.520 0.086 97.540
64  0.035 98.966 0.090 97.570 0.085 97.600
65  0.035 98.978 0.090 97.560 0.085 97.600
66  0.035 98.984 0.089 97.510 0.085 97.600
67  0.034 99.002 0.090 97.540 0.085 97.600
68  0.034 98.990 0.090 97.540 0.085 97.600
69  0.034 99.022 0.089 97.520 0.085 97.600
70  0.033 99.028 0.089 97.520 0.085 97.600
71  0.033 99.054 0.089 97.540 0.085 97.600
72  0.033 99.044 0.089 97.500 0.085 97.600
73  0.033 99.068 0.090 97.560 0.085 97.600
74  0.032 99.062 0.089 97.510 0.085 97.600
75  0.032 99.058 0.090 97.580 0.084 97.610
76  0.032 99.076 0.089 97.530 0.084 97.610
77  0.032 99.068 0.089 97.540 0.084 97.610
78  0.031 99.086 0.090 97.580 0.084 97.610
79  0.031 99.098 0.089 97.520 0.084 97.610
80  0.031 99.102 0.089 97.520 0.084 97.610
81  0.031 99.110 0.089 97.560 0.084 97.610
82  0.031 99.140 0.090 97.550 0.084 97.610
83  0.030 99.114 0.089 97.570 0.084 97.610
84  0.030 99.150 0.089 97.590 0.084 97.640
85  0.030 99.136 0.089 97.590 0.084 97.640
86  0.030 99.156 0.089 97.570 0.084 97.640
87  0.030 99.148 0.089 97.550 0.084 97.640
88  0.029 99.170 0.090 97.530 0.084 97.640
89  0.029 99.166 0.089 97.560 0.084 97.640
90  0.029 99.146 0.089 97.580 0.084 97.640
91  0.029 99.178 0.089 97.580 0.084 97.640
92  0.029 99.186 0.089 97.580 0.084 97.640
93  0.028 99.178 0.089 97.550 0.084 97.640
94  0.028 99.210 0.089 97.540 0.084 97.640
95  0.028 99.210 0.089 97.590 0.084 97.640
96  0.028 99.186 0.089 97.560 0.084 97.640
97  0.028 99.202 0.089 97.580 0.084 97.640
98  0.027 99.230 0.089 97.540 0.084 97.640
99  0.027 99.242 0.090 97.560 0.084 97.640
100  0.027 99.230 0.089 97.540 0.084 97.640
101  0.027 99.236 0.090 97.560 0.084 97.640
102  0.027 99.256 0.090 97.600 0.083 97.720
103  0.027 99.264 0.089 97.550 0.083 97.720
104  0.026 99.268 0.090 97.600 0.083 97.750
105  0.026 99.270 0.090 97.630 0.084 97.720
106  0.026 99.270 0.090 97.590 0.084 97.720
107  0.026 99.270 0.090 97.610 0.084 97.720
108  0.026 99.280 0.089 97.570 0.084 97.720
109  0.026 99.298 0.090 97.600 0.084 97.720
110  0.025 99.302 0.090 97.590 0.084 97.720
111  0.025 99.294 0.090 97.560 0.084 97.720
112  0.025 99.326 0.090 97.560 0.084 97.720
113  0.025 99.330 0.090 97.630 0.084 97.720
114  0.025 99.328 0.090 97.550 0.084 97.720
115  0.025 99.338 0.090 97.580 0.084 97.720
116  0.024 99.296 0.090 97.610 0.084 97.720
117  0.024 99.334 0.090 97.620 0.084 97.720
118  0.024 99.326 0.090 97.590 0.084 97.720
119  0.024 99.344 0.090 97.580 0.084 97.720
120  0.024 99.354 0.090 97.580 0.084 97.720
121  0.024 99.342 0.090 97.630 0.083 97.750
122  0.023 99.374 0.091 97.640 0.084 97.700
123  0.023 99.366 0.090 97.580 0.084 97.700
124  0.023 99.364 0.090 97.610 0.084 97.700
125  0.023 99.378 0.090 97.640 0.083 97.790
126  0.023 99.382 0.090 97.570 0.083 97.790
127  0.023 99.378 0.090 97.590 0.083 97.790
128  0.023 99.384 0.090 97.540 0.083 97.790
129  0.023 99.400 0.090 97.660 0.083 97.780
130  0.022 99.392 0.090 97.610 0.083 97.780
131  0.022 99.402 0.091 97.600 0.083 97.780
132  0.022 99.394 0.091 97.620 0.083 97.780
133  0.022 99.386 0.091 97.590 0.083 97.780
134  0.022 99.410 0.090 97.570 0.083 97.780
135  0.022 99.416 0.091 97.610 0.083 97.780
136  0.022 99.424 0.090 97.570 0.083 97.780
137  0.022 99.430 0.090 97.580 0.083 97.780
138  0.021 99.428 0.090 97.680 0.083 97.700
139  0.021 99.418 0.090 97.550 0.083 97.700
140  0.021 99.438 0.090 97.580 0.083 97.700
141  0.021 99.426 0.091 97.560 0.083 97.700
142  0.021 99.436 0.090 97.580 0.083 97.700
143  0.021 99.448 0.091 97.610 0.083 97.700
144  0.021 99.448 0.091 97.660 0.083 97.700
145  0.021 99.448 0.091 97.650 0.083 97.700
146  0.021 99.458 0.091 97.610 0.083 97.700
147  0.020 99.462 0.091 97.610 0.083 97.700
148  0.020 99.474 0.091 97.610 0.083 97.700
149  0.020 99.464 0.091 97.620 0.083 97.700
150  0.020 99.468 0.091 97.650 0.083 97.700
151  0.020 99.482 0.091 97.620 0.083 97.700
152  0.020 99.472 0.091 97.630 0.083 97.700
153  0.020 99.484 0.092 97.700 0.084 97.710
154  0.020 99.486 0.091 97.640 0.084 97.710
155  0.020 99.488 0.091 97.610 0.084 97.710
156  0.019 99.508 0.091 97.640 0.084 97.710
157  0.019 99.488 0.091 97.670 0.084 97.710
158  0.019 99.490 0.092 97.630 0.084 97.710
159  0.019 99.514 0.091 97.600 0.084 97.710
160  0.019 99.508 0.092 97.670 0.084 97.710
161  0.019 99.506 0.091 97.670 0.084 97.710
162  0.019 99.518 0.091 97.690 0.084 97.710
163  0.019 99.538 0.092 97.650 0.084 97.710
164  0.019 99.508 0.091 97.680 0.084 97.710
165  0.018 99.532 0.091 97.640 0.084 97.710
166  0.018 99.530 0.091 97.670 0.084 97.710
167  0.018 99.528 0.091 97.690 0.084 97.710
168  0.018 99.540 0.092 97.670 0.084 97.710
169  0.018 99.544 0.092 97.660 0.084 97.710
170  0.018 99.550 0.092 97.680 0.084 97.710
171  0.018 99.564 0.092 97.660 0.084 97.710
172  0.018 99.562 0.092 97.610 0.084 97.710
173  0.018 99.564 0.091 97.650 0.084 97.710
174  0.018 99.586 0.092 97.690 0.084 97.710
175  0.017 99.576 0.092 97.640 0.084 97.710
176  0.017 99.572 0.092 97.720 0.084 97.760
177  0.017 99.576 0.092 97.680 0.084 97.760
178  0.017 99.584 0.092 97.670 0.084 97.760
179  0.017 99.596 0.092 97.610 0.084 97.760
180  0.017 99.590 0.092 97.690 0.084 97.760
181  0.017 99.578 0.092 97.710 0.084 97.760
182  0.017 99.596 0.092 97.720 0.085 97.750
183  0.017 99.590 0.092 97.710 0.085 97.750
184  0.017 99.606 0.092 97.740 0.085 97.770
185  0.017 99.626 0.093 97.740 0.085 97.770
186  0.016 99.606 0.092 97.720 0.085 97.770
187  0.016 99.610 0.093 97.710 0.085 97.770
188  0.016 99.612 0.092 97.700 0.085 97.770
189  0.016 99.638 0.092 97.640 0.085 97.770
190  0.016 99.624 0.092 97.680 0.085 97.770
191  0.016 99.634 0.093 97.670 0.085 97.770
192  0.016 99.628 0.093 97.710 0.085 97.770
193  0.016 99.652 0.093 97.660 0.085 97.770
194  0.016 99.650 0.093 97.710 0.085 97.770
195  0.016 99.650 0.092 97.660 0.085 97.770
196  0.016 99.656 0.093 97.710 0.085 97.770
197  0.016 99.670 0.092 97.680 0.085 97.770
198  0.015 99.658 0.093 97.730 0.085 97.770
199  0.015 99.652 0.093 97.730 0.085 97.770
