0  0.495 91.840 0.198 95.740 0.206 95.360
1  0.162 96.572 0.156 96.100 0.163 95.590
2  0.130 96.974 0.139 96.300 0.145 95.890
3  0.114 97.218 0.130 96.360 0.135 96.060
4  0.103 97.340 0.123 96.490 0.128 96.160
5  0.096 97.476 0.119 96.640 0.123 96.370
6  0.090 97.558 0.116 96.720 0.119 96.380
7  0.086 97.618 0.113 96.780 0.115 96.460
8  0.082 97.688 0.112 96.830 0.114 96.440
9  0.079 97.738 0.109 96.910 0.112 96.590
10  0.076 97.818 0.108 96.890 0.112 96.590
11  0.074 97.870 0.107 96.960 0.108 96.620
12  0.072 97.918 0.106 97.050 0.107 96.760
13  0.070 97.930 0.104 97.030 0.107 96.760
14  0.068 97.996 0.104 97.000 0.107 96.760
15  0.067 98.030 0.103 97.110 0.103 96.800
16  0.065 98.046 0.102 97.160 0.102 96.870
17  0.064 98.114 0.102 97.140 0.102 96.870
18  0.063 98.092 0.101 97.160 0.100 96.950
19  0.062 98.144 0.100 97.240 0.100 96.950
20  0.060 98.180 0.100 97.230 0.100 96.950
21  0.059 98.196 0.100 97.170 0.100 96.950
22  0.058 98.218 0.099 97.250 0.097 97.050
23  0.057 98.270 0.098 97.310 0.097 97.030
24  0.056 98.260 0.098 97.250 0.097 97.030
25  0.055 98.344 0.097 97.330 0.096 97.040
26  0.055 98.342 0.096 97.350 0.095 97.080
27  0.054 98.376 0.097 97.260 0.095 97.080
28  0.053 98.408 0.096 97.320 0.095 97.080
29  0.052 98.414 0.095 97.330 0.095 97.080
30  0.051 98.424 0.095 97.310 0.095 97.080
31  0.050 98.440 0.095 97.410 0.092 97.170
32  0.050 98.476 0.094 97.390 0.092 97.170
33  0.049 98.480 0.094 97.380 0.092 97.170
34  0.048 98.502 0.093 97.470 0.091 97.250
35  0.047 98.538 0.093 97.460 0.091 97.250
36  0.047 98.568 0.093 97.480 0.090 97.320
37  0.046 98.594 0.092 97.490 0.090 97.300
38  0.045 98.622 0.093 97.500 0.090 97.270
39  0.045 98.618 0.092 97.500 0.089 97.350
40  0.044 98.638 0.091 97.530 0.088 97.340
41  0.044 98.700 0.092 97.490 0.088 97.340
42  0.043 98.684 0.091 97.470 0.088 97.340
43  0.043 98.702 0.091 97.520 0.088 97.340
44  0.042 98.740 0.091 97.510 0.088 97.340
45  0.041 98.756 0.090 97.540 0.087 97.390
46  0.041 98.772 0.090 97.530 0.087 97.390
47  0.040 98.798 0.091 97.580 0.087 97.350
48  0.040 98.820 0.090 97.610 0.087 97.430
49  0.039 98.818 0.090 97.570 0.087 97.430
50  0.039 98.836 0.089 97.640 0.086 97.520
51  0.039 98.838 0.090 97.610 0.086 97.520
52  0.038 98.876 0.089 97.620 0.086 97.520
53  0.038 98.866 0.089 97.600 0.086 97.520
54  0.037 98.890 0.090 97.550 0.086 97.520
55  0.037 98.914 0.089 97.580 0.086 97.520
56  0.037 98.900 0.089 97.600 0.086 97.520
57  0.036 98.924 0.089 97.610 0.086 97.520
58  0.036 98.936 0.089 97.640 0.086 97.520
59  0.036 98.944 0.088 97.600 0.086 97.520
60  0.035 98.964 0.089 97.610 0.086 97.520
61  0.035 98.952 0.089 97.620 0.086 97.520
62  0.035 98.996 0.089 97.600 0.086 97.520
63  0.034 99.010 0.089 97.640 0.086 97.520
64  0.034 99.036 0.089 97.650 0.084 97.580
65  0.034 99.054 0.089 97.650 0.084 97.580
66  0.033 99.036 0.088 97.560 0.084 97.580
67  0.033 99.068 0.088 97.670 0.084 97.580
68  0.033 99.038 0.088 97.620 0.084 97.580
69  0.032 99.054 0.088 97.630 0.084 97.580
70  0.032 99.068 0.088 97.640 0.084 97.580
71  0.032 99.110 0.087 97.720 0.083 97.580
72  0.032 99.088 0.088 97.630 0.083 97.580
73  0.031 99.124 0.088 97.650 0.083 97.580
74  0.031 99.128 0.088 97.620 0.083 97.580
75  0.031 99.132 0.087 97.650 0.083 97.580
76  0.031 99.128 0.088 97.660 0.083 97.580
77  0.030 99.160 0.088 97.650 0.083 97.580
78  0.030 99.162 0.088 97.680 0.083 97.580
79  0.030 99.166 0.088 97.670 0.083 97.580
80  0.029 99.170 0.088 97.680 0.083 97.580
81  0.029 99.188 0.088 97.670 0.083 97.580
82  0.029 99.190 0.087 97.730 0.083 97.640
83  0.029 99.208 0.088 97.730 0.083 97.640
84  0.029 99.206 0.088 97.680 0.083 97.640
85  0.028 99.196 0.088 97.680 0.083 97.640
86  0.028 99.254 0.087 97.720 0.083 97.640
87  0.028 99.204 0.088 97.680 0.083 97.640
88  0.028 99.240 0.087 97.750 0.082 97.700
89  0.027 99.252 0.088 97.710 0.082 97.700
90  0.027 99.264 0.087 97.780 0.083 97.630
91  0.027 99.254 0.087 97.740 0.083 97.630
92  0.027 99.258 0.088 97.710 0.083 97.630
93  0.027 99.284 0.088 97.760 0.083 97.630
94  0.026 99.276 0.087 97.760 0.083 97.630
95  0.026 99.268 0.087 97.690 0.083 97.630
96  0.026 99.302 0.088 97.700 0.083 97.630
97  0.026 99.322 0.088 97.750 0.083 97.630
98  0.025 99.310 0.088 97.730 0.083 97.630
99  0.025 99.304 0.087 97.760 0.083 97.630
100  0.025 99.336 0.087 97.760 0.083 97.630
101  0.025 99.320 0.087 97.760 0.083 97.630
102  0.025 99.348 0.087 97.710 0.083 97.630
103  0.024 99.322 0.087 97.740 0.083 97.630
104  0.024 99.354 0.087 97.750 0.083 97.630
105  0.024 99.368 0.087 97.760 0.083 97.630
106  0.024 99.356 0.088 97.790 0.081 97.720
107  0.024 99.366 0.087 97.770 0.081 97.720
108  0.024 99.388 0.087 97.790 0.081 97.720
109  0.023 99.390 0.088 97.770 0.081 97.720
110  0.023 99.388 0.088 97.770 0.081 97.720
111  0.023 99.362 0.087 97.790 0.081 97.720
112  0.023 99.412 0.088 97.750 0.081 97.720
113  0.023 99.408 0.087 97.790 0.082 97.840
114  0.022 99.396 0.088 97.770 0.082 97.840
115  0.022 99.414 0.087 97.750 0.082 97.840
116  0.022 99.416 0.087 97.760 0.082 97.840
117  0.022 99.436 0.088 97.770 0.082 97.840
118  0.022 99.430 0.088 97.760 0.082 97.840
119  0.022 99.454 0.088 97.770 0.082 97.840
120  0.021 99.434 0.087 97.770 0.082 97.840
121  0.021 99.458 0.088 97.760 0.082 97.840
122  0.021 99.470 0.087 97.740 0.082 97.840
123  0.021 99.438 0.088 97.730 0.082 97.840
124  0.021 99.470 0.088 97.760 0.082 97.840
125  0.021 99.488 0.088 97.740 0.082 97.840
126  0.021 99.494 0.088 97.760 0.082 97.840
127  0.020 99.508 0.088 97.790 0.082 97.840
128  0.020 99.506 0.088 97.760 0.082 97.840
129  0.020 99.504 0.088 97.750 0.082 97.840
130  0.020 99.500 0.089 97.730 0.082 97.840
131  0.020 99.516 0.088 97.750 0.082 97.840
132  0.020 99.516 0.088 97.790 0.082 97.840
133  0.020 99.516 0.088 97.790 0.082 97.840
134  0.019 99.518 0.088 97.730 0.082 97.840
135  0.019 99.552 0.088 97.780 0.082 97.840
136  0.019 99.536 0.089 97.690 0.082 97.840
137  0.019 99.556 0.088 97.750 0.082 97.840
138  0.019 99.550 0.088 97.770 0.082 97.840
139  0.019 99.560 0.088 97.760 0.082 97.840
140  0.019 99.544 0.088 97.760 0.082 97.840
141  0.018 99.570 0.088 97.730 0.082 97.840
142  0.018 99.570 0.088 97.740 0.082 97.840
143  0.018 99.570 0.088 97.740 0.082 97.840
144  0.018 99.576 0.090 97.750 0.082 97.840
145  0.018 99.574 0.089 97.780 0.082 97.840
146  0.018 99.592 0.089 97.740 0.082 97.840
147  0.018 99.586 0.089 97.770 0.082 97.840
148  0.018 99.576 0.088 97.750 0.082 97.840
149  0.017 99.594 0.089 97.700 0.082 97.840
150  0.017 99.602 0.089 97.760 0.082 97.840
151  0.017 99.590 0.088 97.770 0.082 97.840
152  0.017 99.608 0.089 97.780 0.082 97.840
153  0.017 99.604 0.089 97.780 0.082 97.840
154  0.017 99.612 0.089 97.750 0.082 97.840
155  0.017 99.626 0.089 97.790 0.082 97.840
156  0.017 99.612 0.089 97.750 0.082 97.840
157  0.017 99.618 0.089 97.800 0.083 97.870
158  0.016 99.636 0.089 97.770 0.083 97.870
159  0.016 99.634 0.089 97.780 0.083 97.870
160  0.016 99.632 0.089 97.760 0.083 97.870
161  0.016 99.642 0.090 97.780 0.083 97.870
162  0.016 99.654 0.089 97.780 0.083 97.870
163  0.016 99.646 0.089 97.780 0.083 97.870
164  0.016 99.656 0.089 97.810 0.083 97.900
165  0.016 99.644 0.089 97.780 0.083 97.900
166  0.016 99.646 0.089 97.790 0.083 97.900
167  0.016 99.666 0.090 97.780 0.083 97.900
168  0.015 99.656 0.090 97.780 0.083 97.900
169  0.015 99.684 0.090 97.740 0.083 97.900
170  0.015 99.684 0.090 97.790 0.083 97.900
171  0.015 99.684 0.090 97.800 0.083 97.900
172  0.015 99.672 0.090 97.780 0.083 97.900
173  0.015 99.682 0.090 97.790 0.083 97.900
174  0.015 99.690 0.090 97.800 0.083 97.900
175  0.015 99.688 0.090 97.780 0.083 97.900
176  0.015 99.708 0.090 97.770 0.083 97.900
177  0.015 99.714 0.090 97.790 0.083 97.900
178  0.014 99.708 0.090 97.810 0.083 97.900
179  0.014 99.712 0.090 97.810 0.083 97.900
180  0.014 99.730 0.091 97.790 0.083 97.900
181  0.014 99.718 0.090 97.800 0.083 97.900
182  0.014 99.722 0.091 97.770 0.083 97.900
183  0.014 99.710 0.091 97.750 0.083 97.900
184  0.014 99.724 0.091 97.780 0.083 97.900
185  0.014 99.746 0.090 97.810 0.083 97.900
186  0.014 99.736 0.091 97.800 0.083 97.900
187  0.014 99.738 0.090 97.790 0.083 97.900
188  0.014 99.742 0.091 97.820 0.083 97.900
189  0.013 99.736 0.091 97.790 0.083 97.900
190  0.013 99.764 0.091 97.780 0.083 97.900
191  0.013 99.758 0.091 97.790 0.083 97.900
192  0.013 99.762 0.091 97.780 0.083 97.900
193  0.013 99.770 0.091 97.740 0.083 97.900
194  0.013 99.768 0.091 97.760 0.083 97.900
195  0.013 99.776 0.091 97.780 0.083 97.900
196  0.013 99.768 0.091 97.800 0.083 97.900
197  0.013 99.766 0.092 97.760 0.083 97.900
198  0.013 99.778 0.092 97.770 0.083 97.900
199  0.013 99.784 0.091 97.800 0.083 97.900
