0  0.495 91.434 0.199 95.650 0.207 95.280
1  0.163 96.606 0.158 96.110 0.165 95.660
2  0.131 96.934 0.139 96.360 0.146 95.870
3  0.114 97.220 0.131 96.470 0.136 96.080
4  0.104 97.348 0.123 96.570 0.129 96.190
5  0.096 97.476 0.119 96.640 0.123 96.260
6  0.091 97.586 0.116 96.670 0.119 96.290
7  0.086 97.690 0.113 96.760 0.116 96.440
8  0.082 97.698 0.112 96.810 0.114 96.430
9  0.079 97.732 0.109 96.880 0.112 96.630
10  0.077 97.810 0.108 96.930 0.110 96.610
11  0.074 97.854 0.107 96.950 0.108 96.720
12  0.072 97.878 0.106 96.950 0.108 96.720
13  0.070 97.924 0.105 96.980 0.106 96.760
14  0.069 97.942 0.104 97.100 0.105 96.780
15  0.067 97.988 0.104 97.030 0.105 96.780
16  0.066 98.036 0.102 97.090 0.105 96.780
17  0.064 98.070 0.102 97.050 0.105 96.780
18  0.063 98.094 0.102 97.130 0.101 96.910
19  0.062 98.110 0.100 97.140 0.100 96.890
20  0.061 98.138 0.101 97.020 0.100 96.890
21  0.060 98.160 0.100 97.120 0.100 96.890
22  0.059 98.198 0.099 97.200 0.098 96.940
23  0.058 98.214 0.099 97.170 0.098 96.940
24  0.057 98.276 0.099 97.170 0.098 96.940
25  0.056 98.266 0.098 97.260 0.097 97.100
26  0.055 98.308 0.099 97.190 0.097 97.100
27  0.054 98.336 0.097 97.280 0.095 97.010
28  0.054 98.350 0.097 97.270 0.095 97.010
29  0.053 98.362 0.096 97.230 0.095 97.010
30  0.052 98.410 0.096 97.290 0.094 97.120
31  0.051 98.420 0.096 97.300 0.094 97.120
32  0.051 98.428 0.096 97.280 0.094 97.120
33  0.050 98.474 0.095 97.300 0.093 97.160
34  0.049 98.470 0.095 97.270 0.093 97.160
35  0.048 98.502 0.095 97.310 0.092 97.210
36  0.048 98.550 0.094 97.340 0.092 97.190
37  0.047 98.564 0.094 97.360 0.091 97.180
38  0.047 98.566 0.094 97.400 0.091 97.200
39  0.046 98.600 0.093 97.370 0.091 97.200
40  0.045 98.646 0.093 97.350 0.091 97.200
41  0.045 98.658 0.093 97.290 0.091 97.200
42  0.044 98.652 0.092 97.420 0.090 97.280
43  0.044 98.698 0.093 97.450 0.089 97.320
44  0.043 98.692 0.092 97.390 0.089 97.320
45  0.043 98.722 0.092 97.390 0.089 97.320
46  0.042 98.734 0.092 97.400 0.089 97.320
47  0.042 98.750 0.092 97.440 0.089 97.320
48  0.041 98.750 0.091 97.380 0.089 97.320
49  0.041 98.766 0.092 97.380 0.089 97.320
50  0.040 98.802 0.091 97.440 0.089 97.320
51  0.040 98.804 0.092 97.380 0.089 97.320
52  0.040 98.804 0.091 97.480 0.088 97.350
53  0.039 98.820 0.091 97.400 0.088 97.350
54  0.039 98.844 0.091 97.420 0.088 97.350
55  0.039 98.838 0.091 97.430 0.088 97.350
56  0.038 98.870 0.091 97.430 0.088 97.350
57  0.038 98.854 0.091 97.370 0.088 97.350
58  0.038 98.866 0.091 97.390 0.088 97.350
59  0.037 98.870 0.091 97.360 0.088 97.350
60  0.037 98.902 0.090 97.490 0.087 97.540
61  0.037 98.892 0.090 97.400 0.087 97.540
62  0.036 98.934 0.090 97.440 0.087 97.540
63  0.036 98.930 0.091 97.430 0.087 97.540
64  0.036 98.936 0.090 97.480 0.087 97.540
65  0.036 98.964 0.090 97.470 0.087 97.540
66  0.035 98.932 0.090 97.470 0.087 97.540
67  0.035 98.982 0.090 97.490 0.087 97.540
68  0.035 98.974 0.090 97.430 0.087 97.540
69  0.034 98.988 0.090 97.450 0.087 97.540
70  0.034 98.984 0.090 97.490 0.086 97.490
71  0.034 99.014 0.090 97.480 0.086 97.490
72  0.034 99.002 0.090 97.420 0.086 97.490
73  0.033 99.010 0.090 97.480 0.086 97.490
74  0.033 99.026 0.090 97.490 0.086 97.490
75  0.033 99.020 0.090 97.470 0.086 97.490
76  0.033 99.032 0.089 97.410 0.086 97.490
77  0.032 99.064 0.090 97.410 0.086 97.490
78  0.032 99.060 0.090 97.470 0.086 97.490
79  0.032 99.062 0.090 97.450 0.086 97.490
80  0.032 99.070 0.090 97.450 0.086 97.490
81  0.032 99.084 0.089 97.520 0.085 97.640
82  0.031 99.088 0.090 97.470 0.085 97.640
83  0.031 99.078 0.089 97.470 0.085 97.640
84  0.031 99.106 0.090 97.490 0.085 97.640
85  0.031 99.122 0.090 97.520 0.085 97.640
86  0.030 99.126 0.089 97.510 0.085 97.640
87  0.030 99.122 0.089 97.480 0.085 97.640
88  0.030 99.140 0.090 97.490 0.085 97.640
89  0.030 99.142 0.089 97.490 0.085 97.640
90  0.030 99.144 0.090 97.510 0.085 97.640
91  0.029 99.150 0.090 97.470 0.085 97.640
92  0.029 99.174 0.089 97.550 0.085 97.680
93  0.029 99.164 0.090 97.540 0.085 97.680
94  0.029 99.164 0.090 97.490 0.085 97.680
95  0.029 99.196 0.089 97.480 0.085 97.680
96  0.029 99.178 0.089 97.530 0.085 97.680
97  0.028 99.202 0.089 97.500 0.085 97.680
98  0.028 99.200 0.089 97.490 0.085 97.680
99  0.028 99.202 0.090 97.510 0.085 97.680
100  0.028 99.218 0.089 97.510 0.085 97.680
101  0.028 99.218 0.089 97.530 0.085 97.680
102  0.027 99.228 0.090 97.580 0.084 97.690
103  0.027 99.222 0.089 97.520 0.084 97.690
104  0.027 99.228 0.089 97.540 0.084 97.690
105  0.027 99.230 0.090 97.530 0.084 97.690
106  0.027 99.262 0.089 97.550 0.084 97.690
107  0.026 99.240 0.089 97.580 0.084 97.690
108  0.026 99.264 0.089 97.480 0.084 97.690
109  0.026 99.272 0.089 97.550 0.084 97.690
110  0.026 99.262 0.089 97.520 0.084 97.690
111  0.026 99.266 0.089 97.530 0.084 97.690
112  0.026 99.308 0.089 97.590 0.083 97.750
113  0.025 99.282 0.089 97.620 0.083 97.750
114  0.025 99.300 0.090 97.540 0.083 97.750
115  0.025 99.262 0.089 97.530 0.083 97.750
116  0.025 99.292 0.089 97.570 0.083 97.750
117  0.025 99.298 0.089 97.570 0.083 97.750
118  0.025 99.320 0.089 97.520 0.083 97.750
119  0.024 99.304 0.090 97.560 0.083 97.750
120  0.024 99.322 0.089 97.600 0.083 97.750
121  0.024 99.338 0.090 97.580 0.083 97.750
122  0.024 99.330 0.090 97.580 0.083 97.750
123  0.024 99.336 0.089 97.540 0.083 97.750
124  0.024 99.334 0.089 97.600 0.083 97.750
125  0.023 99.352 0.089 97.580 0.083 97.750
126  0.023 99.346 0.089 97.590 0.083 97.750
127  0.023 99.356 0.089 97.570 0.083 97.750
128  0.023 99.342 0.090 97.550 0.083 97.750
129  0.023 99.378 0.089 97.600 0.083 97.750
130  0.023 99.388 0.089 97.610 0.083 97.750
131  0.022 99.374 0.090 97.590 0.083 97.750
132  0.022 99.404 0.089 97.590 0.083 97.750
133  0.022 99.374 0.089 97.580 0.083 97.750
134  0.022 99.406 0.089 97.600 0.083 97.750
135  0.022 99.394 0.089 97.610 0.083 97.750
136  0.022 99.398 0.089 97.610 0.083 97.750
137  0.022 99.400 0.089 97.600 0.083 97.750
138  0.021 99.410 0.089 97.570 0.083 97.750
139  0.021 99.412 0.089 97.550 0.083 97.750
140  0.021 99.400 0.089 97.610 0.083 97.750
141  0.021 99.432 0.089 97.590 0.083 97.750
142  0.021 99.408 0.089 97.620 0.082 97.770
143  0.021 99.424 0.089 97.580 0.082 97.770
144  0.021 99.438 0.089 97.610 0.082 97.770
145  0.020 99.456 0.089 97.640 0.082 97.750
146  0.020 99.438 0.090 97.630 0.082 97.750
147  0.020 99.454 0.089 97.650 0.082 97.740
148  0.020 99.446 0.089 97.570 0.082 97.740
149  0.020 99.450 0.090 97.610 0.082 97.740
150  0.020 99.460 0.090 97.590 0.082 97.740
151  0.020 99.470 0.090 97.640 0.082 97.740
152  0.020 99.482 0.089 97.660 0.082 97.770
153  0.019 99.498 0.090 97.570 0.082 97.770
154  0.019 99.498 0.089 97.570 0.082 97.770
155  0.019 99.492 0.089 97.680 0.082 97.730
156  0.019 99.488 0.090 97.600 0.082 97.730
157  0.019 99.498 0.089 97.640 0.082 97.730
158  0.019 99.506 0.090 97.620 0.082 97.730
159  0.019 99.504 0.090 97.600 0.082 97.730
160  0.019 99.502 0.090 97.630 0.082 97.730
161  0.019 99.530 0.089 97.630 0.082 97.730
162  0.018 99.520 0.089 97.640 0.082 97.730
163  0.018 99.520 0.090 97.640 0.082 97.730
164  0.018 99.518 0.089 97.580 0.082 97.730
165  0.018 99.524 0.090 97.680 0.082 97.730
166  0.018 99.534 0.089 97.650 0.082 97.730
167  0.018 99.540 0.089 97.630 0.082 97.730
168  0.018 99.544 0.089 97.610 0.082 97.730
169  0.018 99.550 0.090 97.650 0.082 97.730
170  0.017 99.562 0.090 97.620 0.082 97.730
171  0.017 99.558 0.090 97.670 0.082 97.730
172  0.017 99.572 0.090 97.620 0.082 97.730
173  0.017 99.542 0.089 97.640 0.082 97.730
174  0.017 99.588 0.090 97.630 0.082 97.730
175  0.017 99.566 0.090 97.670 0.082 97.730
176  0.017 99.576 0.090 97.650 0.082 97.730
177  0.017 99.588 0.090 97.650 0.082 97.730
178  0.017 99.586 0.090 97.640 0.082 97.730
179  0.017 99.604 0.090 97.640 0.082 97.730
180  0.016 99.586 0.090 97.620 0.082 97.730
181  0.016 99.598 0.090 97.690 0.082 97.790
182  0.016 99.600 0.090 97.660 0.082 97.790
183  0.016 99.612 0.090 97.660 0.082 97.790
184  0.016 99.614 0.090 97.690 0.082 97.830
185  0.016 99.638 0.090 97.630 0.082 97.830
186  0.016 99.622 0.090 97.660 0.082 97.830
187  0.016 99.624 0.090 97.610 0.082 97.830
188  0.016 99.626 0.090 97.700 0.082 97.800
189  0.016 99.648 0.090 97.670 0.082 97.800
190  0.015 99.632 0.090 97.690 0.082 97.800
191  0.015 99.640 0.090 97.690 0.082 97.800
192  0.015 99.636 0.091 97.660 0.082 97.800
193  0.015 99.660 0.091 97.690 0.082 97.800
194  0.015 99.646 0.091 97.640 0.082 97.800
195  0.015 99.642 0.090 97.690 0.082 97.800
196  0.015 99.656 0.091 97.610 0.082 97.800
197  0.015 99.666 0.090 97.680 0.082 97.800
198  0.015 99.654 0.091 97.640 0.082 97.800
199  0.015 99.668 0.091 97.690 0.082 97.800
