0  0.496 91.976 0.197 95.810 0.204 95.420
1  0.161 96.596 0.156 96.210 0.163 95.730
2  0.129 96.974 0.139 96.380 0.144 95.920
3  0.113 97.244 0.129 96.540 0.134 96.150
4  0.103 97.354 0.123 96.650 0.127 96.280
5  0.095 97.538 0.118 96.740 0.122 96.350
6  0.090 97.596 0.116 96.780 0.119 96.450
7  0.085 97.630 0.113 96.810 0.115 96.430
8  0.082 97.758 0.111 96.840 0.113 96.520
9  0.078 97.788 0.109 96.960 0.111 96.700
10  0.076 97.854 0.107 96.930 0.111 96.700
11  0.073 97.884 0.106 96.920 0.111 96.700
12  0.071 97.948 0.105 97.040 0.106 96.810
13  0.069 97.938 0.104 97.020 0.106 96.810
14  0.068 97.972 0.103 97.020 0.106 96.810
15  0.066 98.072 0.102 97.100 0.102 96.960
16  0.064 98.076 0.101 97.130 0.101 96.990
17  0.063 98.112 0.101 97.110 0.101 96.990
18  0.062 98.148 0.100 97.140 0.099 96.990
19  0.060 98.166 0.099 97.230 0.099 96.970
20  0.059 98.184 0.099 97.230 0.099 96.970
21  0.058 98.246 0.099 97.240 0.097 97.070
22  0.057 98.296 0.098 97.240 0.096 97.160
23  0.056 98.294 0.097 97.310 0.096 97.100
24  0.055 98.362 0.097 97.280 0.096 97.100
25  0.054 98.370 0.096 97.310 0.096 97.100
26  0.053 98.386 0.095 97.290 0.096 97.100
27  0.052 98.420 0.096 97.320 0.093 97.200
28  0.051 98.442 0.095 97.260 0.093 97.200
29  0.050 98.450 0.094 97.330 0.092 97.260
30  0.049 98.484 0.094 97.260 0.092 97.260
31  0.048 98.520 0.094 97.330 0.092 97.260
32  0.048 98.574 0.093 97.370 0.091 97.340
33  0.047 98.586 0.093 97.340 0.091 97.340
34  0.046 98.608 0.093 97.350 0.091 97.340
35  0.046 98.630 0.092 97.430 0.089 97.360
36  0.045 98.660 0.092 97.360 0.089 97.360
37  0.044 98.706 0.092 97.390 0.089 97.360
38  0.044 98.720 0.092 97.430 0.089 97.360
39  0.043 98.718 0.091 97.360 0.089 97.360
40  0.043 98.710 0.091 97.440 0.088 97.440
41  0.042 98.752 0.091 97.390 0.088 97.440
42  0.042 98.792 0.091 97.450 0.088 97.420
43  0.041 98.784 0.091 97.380 0.088 97.420
44  0.041 98.814 0.091 97.420 0.088 97.420
45  0.040 98.818 0.090 97.380 0.088 97.420
46  0.040 98.814 0.090 97.450 0.088 97.420
47  0.039 98.836 0.090 97.490 0.087 97.440
48  0.039 98.856 0.090 97.410 0.087 97.440
49  0.038 98.860 0.089 97.470 0.087 97.440
50  0.038 98.886 0.089 97.500 0.086 97.530
51  0.038 98.908 0.090 97.520 0.086 97.540
52  0.037 98.924 0.089 97.530 0.086 97.510
53  0.037 98.904 0.090 97.490 0.086 97.510
54  0.036 98.938 0.090 97.460 0.086 97.510
55  0.036 98.944 0.090 97.530 0.087 97.520
56  0.036 98.960 0.089 97.550 0.085 97.540
57  0.035 98.970 0.089 97.580 0.086 97.570
58  0.035 98.970 0.089 97.560 0.086 97.570
59  0.034 99.020 0.089 97.470 0.086 97.570
60  0.034 99.026 0.089 97.500 0.086 97.570
61  0.034 99.010 0.089 97.510 0.086 97.570
62  0.034 99.030 0.089 97.560 0.086 97.570
63  0.033 99.052 0.089 97.530 0.086 97.570
64  0.033 99.066 0.089 97.580 0.085 97.600
65  0.033 99.064 0.089 97.570 0.085 97.600
66  0.032 99.064 0.089 97.510 0.085 97.600
67  0.032 99.074 0.089 97.570 0.085 97.600
68  0.032 99.090 0.088 97.570 0.085 97.600
69  0.031 99.090 0.088 97.540 0.085 97.600
70  0.031 99.114 0.089 97.540 0.085 97.600
71  0.031 99.130 0.088 97.580 0.085 97.600
72  0.031 99.122 0.088 97.580 0.084 97.670
73  0.030 99.170 0.088 97.580 0.084 97.670
74  0.030 99.150 0.088 97.560 0.084 97.670
75  0.030 99.140 0.088 97.570 0.084 97.670
76  0.030 99.152 0.088 97.580 0.084 97.670
77  0.029 99.174 0.089 97.560 0.084 97.670
78  0.029 99.190 0.088 97.600 0.083 97.630
79  0.029 99.180 0.089 97.570 0.083 97.630
80  0.029 99.196 0.089 97.560 0.083 97.630
81  0.028 99.212 0.088 97.610 0.083 97.700
82  0.028 99.242 0.088 97.590 0.083 97.700
83  0.028 99.240 0.088 97.590 0.083 97.700
84  0.028 99.214 0.089 97.620 0.084 97.690
85  0.027 99.248 0.088 97.610 0.084 97.690
86  0.027 99.254 0.088 97.630 0.083 97.690
87  0.027 99.240 0.088 97.570 0.083 97.690
88  0.027 99.292 0.088 97.610 0.083 97.690
89  0.027 99.264 0.089 97.660 0.083 97.670
90  0.026 99.262 0.088 97.530 0.083 97.670
91  0.026 99.268 0.088 97.590 0.083 97.670
92  0.026 99.296 0.088 97.590 0.083 97.670
93  0.026 99.310 0.088 97.600 0.083 97.670
94  0.026 99.290 0.088 97.650 0.083 97.670
95  0.025 99.314 0.088 97.580 0.083 97.670
96  0.025 99.330 0.088 97.610 0.083 97.670
97  0.025 99.312 0.089 97.550 0.083 97.670
98  0.025 99.328 0.088 97.600 0.083 97.670
99  0.025 99.340 0.088 97.530 0.083 97.670
100  0.024 99.360 0.088 97.610 0.083 97.670
101  0.024 99.366 0.088 97.550 0.083 97.670
102  0.024 99.334 0.088 97.630 0.083 97.670
103  0.024 99.370 0.088 97.570 0.083 97.670
104  0.024 99.372 0.088 97.570 0.083 97.670
105  0.023 99.384 0.088 97.590 0.083 97.670
106  0.023 99.378 0.089 97.630 0.083 97.670
107  0.023 99.392 0.088 97.620 0.083 97.670
108  0.023 99.396 0.088 97.580 0.083 97.670
109  0.023 99.382 0.088 97.580 0.083 97.670
110  0.023 99.424 0.089 97.660 0.083 97.670
111  0.022 99.412 0.089 97.580 0.083 97.670
112  0.022 99.418 0.089 97.600 0.083 97.670
113  0.022 99.414 0.088 97.560 0.083 97.670
114  0.022 99.438 0.089 97.620 0.083 97.670
115  0.022 99.442 0.089 97.620 0.083 97.670
116  0.022 99.430 0.089 97.600 0.083 97.670
117  0.021 99.434 0.089 97.620 0.083 97.670
118  0.021 99.460 0.089 97.540 0.083 97.670
119  0.021 99.454 0.089 97.600 0.083 97.670
120  0.021 99.460 0.089 97.640 0.083 97.670
121  0.021 99.454 0.089 97.610 0.083 97.670
122  0.021 99.462 0.088 97.600 0.083 97.670
123  0.021 99.492 0.089 97.620 0.083 97.670
124  0.020 99.492 0.089 97.600 0.083 97.670
125  0.020 99.476 0.089 97.650 0.083 97.670
126  0.020 99.478 0.089 97.610 0.083 97.670
127  0.020 99.496 0.089 97.620 0.083 97.670
128  0.020 99.502 0.089 97.600 0.083 97.670
129  0.020 99.494 0.089 97.620 0.083 97.670
130  0.019 99.500 0.090 97.640 0.083 97.670
131  0.019 99.540 0.089 97.610 0.083 97.670
132  0.019 99.520 0.089 97.600 0.083 97.670
133  0.019 99.512 0.089 97.610 0.083 97.670
134  0.019 99.530 0.089 97.660 0.083 97.670
135  0.019 99.538 0.089 97.610 0.083 97.670
136  0.019 99.538 0.090 97.630 0.083 97.670
137  0.019 99.542 0.090 97.620 0.083 97.670
138  0.018 99.538 0.090 97.600 0.083 97.670
139  0.018 99.568 0.090 97.630 0.083 97.670
140  0.018 99.544 0.089 97.620 0.083 97.670
141  0.018 99.580 0.090 97.610 0.083 97.670
142  0.018 99.564 0.089 97.620 0.083 97.670
143  0.018 99.572 0.090 97.630 0.083 97.670
144  0.018 99.584 0.091 97.660 0.083 97.670
145  0.018 99.584 0.090 97.610 0.083 97.670
146  0.017 99.584 0.090 97.620 0.083 97.670
147  0.017 99.582 0.090 97.640 0.083 97.670
148  0.017 99.600 0.090 97.640 0.083 97.670
149  0.017 99.604 0.090 97.610 0.083 97.670
150  0.017 99.628 0.090 97.650 0.083 97.670
151  0.017 99.604 0.090 97.630 0.083 97.670
152  0.017 99.620 0.090 97.640 0.083 97.670
153  0.017 99.628 0.091 97.660 0.083 97.670
154  0.017 99.626 0.090 97.650 0.083 97.670
155  0.016 99.618 0.090 97.630 0.083 97.670
156  0.016 99.616 0.090 97.670 0.083 97.850
157  0.016 99.642 0.091 97.650 0.083 97.850
158  0.016 99.638 0.091 97.680 0.083 97.860
159  0.016 99.634 0.091 97.670 0.083 97.860
160  0.016 99.652 0.090 97.630 0.083 97.860
161  0.016 99.644 0.091 97.640 0.083 97.860
162  0.016 99.652 0.091 97.650 0.083 97.860
163  0.016 99.664 0.091 97.670 0.083 97.860
164  0.015 99.650 0.091 97.640 0.083 97.860
165  0.015 99.658 0.091 97.650 0.083 97.860
166  0.015 99.662 0.090 97.630 0.083 97.860
167  0.015 99.672 0.091 97.660 0.083 97.860
168  0.015 99.668 0.091 97.660 0.083 97.860
169  0.015 99.688 0.091 97.670 0.083 97.860
170  0.015 99.686 0.091 97.630 0.083 97.860
171  0.015 99.680 0.091 97.690 0.082 97.840
172  0.015 99.690 0.092 97.720 0.083 97.850
173  0.015 99.686 0.091 97.690 0.083 97.850
174  0.014 99.714 0.091 97.680 0.083 97.850
175  0.014 99.700 0.092 97.660 0.083 97.850
176  0.014 99.710 0.091 97.690 0.083 97.850
177  0.014 99.702 0.091 97.660 0.083 97.850
178  0.014 99.706 0.092 97.750 0.084 97.870
179  0.014 99.716 0.091 97.660 0.084 97.870
180  0.014 99.720 0.092 97.690 0.084 97.870
181  0.014 99.740 0.091 97.620 0.084 97.870
182  0.014 99.720 0.092 97.740 0.084 97.870
183  0.014 99.744 0.092 97.670 0.084 97.870
184  0.014 99.736 0.092 97.670 0.084 97.870
185  0.014 99.734 0.092 97.660 0.084 97.870
186  0.013 99.736 0.092 97.710 0.084 97.870
187  0.013 99.738 0.092 97.710 0.084 97.870
188  0.013 99.746 0.092 97.670 0.084 97.870
189  0.013 99.740 0.092 97.670 0.084 97.870
190  0.013 99.752 0.092 97.700 0.084 97.870
191  0.013 99.756 0.092 97.690 0.084 97.870
192  0.013 99.766 0.092 97.680 0.084 97.870
193  0.013 99.782 0.092 97.680 0.084 97.870
194  0.013 99.794 0.092 97.680 0.084 97.870
195  0.013 99.778 0.092 97.660 0.084 97.870
196  0.013 99.766 0.092 97.680 0.084 97.870
197  0.013 99.784 0.093 97.670 0.084 97.870
198  0.012 99.784 0.093 97.690 0.084 97.870
199  0.012 99.796 0.093 97.680 0.084 97.870
