0  0.502 91.130 0.199 95.810 0.207 95.500
1  0.164 96.592 0.158 96.190 0.164 95.730
2  0.131 97.014 0.140 96.440 0.146 96.000
3  0.114 97.226 0.131 96.410 0.146 96.000
4  0.104 97.360 0.124 96.560 0.130 96.220
5  0.097 97.468 0.120 96.640 0.124 96.300
6  0.091 97.546 0.117 96.690 0.120 96.370
7  0.087 97.678 0.115 96.750 0.118 96.510
8  0.083 97.674 0.112 96.750 0.118 96.510
9  0.080 97.736 0.112 96.760 0.113 96.490
10  0.077 97.790 0.110 96.840 0.111 96.620
11  0.075 97.856 0.108 96.940 0.109 96.600
12  0.073 97.840 0.107 96.930 0.109 96.600
13  0.071 97.912 0.106 96.890 0.109 96.600
14  0.070 97.946 0.105 96.980 0.106 96.840
15  0.068 97.978 0.104 97.040 0.105 96.810
16  0.067 98.008 0.104 97.020 0.105 96.810
17  0.066 98.028 0.104 97.030 0.105 96.810
18  0.064 98.070 0.103 97.030 0.105 96.810
19  0.063 98.052 0.102 97.100 0.102 96.910
20  0.062 98.094 0.102 97.140 0.101 96.980
21  0.061 98.130 0.102 97.130 0.101 96.980
22  0.060 98.142 0.101 97.130 0.101 96.980
23  0.059 98.142 0.101 97.170 0.099 97.020
24  0.058 98.164 0.100 97.180 0.099 97.040
25  0.058 98.212 0.100 97.190 0.099 96.980
26  0.057 98.226 0.099 97.230 0.098 97.050
27  0.056 98.238 0.099 97.210 0.098 97.050
28  0.055 98.278 0.099 97.180 0.098 97.050
29  0.055 98.304 0.099 97.240 0.096 97.060
30  0.054 98.310 0.098 97.180 0.096 97.060
31  0.053 98.324 0.098 97.180 0.096 97.060
32  0.053 98.358 0.098 97.250 0.095 97.130
33  0.052 98.366 0.097 97.260 0.094 97.130
34  0.051 98.380 0.098 97.330 0.094 97.070
35  0.051 98.392 0.097 97.320 0.094 97.070
36  0.050 98.424 0.097 97.260 0.094 97.070
37  0.049 98.452 0.096 97.390 0.093 97.230
38  0.049 98.454 0.096 97.260 0.093 97.230
39  0.048 98.462 0.095 97.270 0.093 97.230
40  0.048 98.496 0.095 97.330 0.093 97.230
41  0.047 98.522 0.096 97.320 0.093 97.230
42  0.047 98.532 0.095 97.340 0.093 97.230
43  0.046 98.552 0.094 97.310 0.093 97.230
44  0.046 98.546 0.095 97.350 0.093 97.230
45  0.045 98.590 0.095 97.370 0.093 97.230
46  0.045 98.596 0.094 97.440 0.091 97.310
47  0.044 98.618 0.094 97.390 0.091 97.310
48  0.044 98.620 0.094 97.340 0.091 97.310
49  0.043 98.632 0.094 97.390 0.091 97.310
50  0.043 98.680 0.094 97.400 0.091 97.310
51  0.043 98.662 0.094 97.370 0.091 97.310
52  0.042 98.680 0.093 97.370 0.091 97.310
53  0.042 98.694 0.093 97.390 0.091 97.310
54  0.041 98.720 0.094 97.420 0.091 97.310
55  0.041 98.712 0.093 97.390 0.091 97.310
56  0.041 98.740 0.094 97.460 0.090 97.280
57  0.040 98.748 0.093 97.410 0.090 97.280
58  0.040 98.776 0.093 97.480 0.089 97.400
59  0.040 98.772 0.093 97.460 0.089 97.400
60  0.039 98.778 0.092 97.430 0.089 97.400
61  0.039 98.786 0.093 97.390 0.089 97.400
62  0.039 98.822 0.093 97.510 0.088 97.470
63  0.038 98.842 0.093 97.440 0.088 97.470
64  0.038 98.826 0.092 97.420 0.088 97.470
65  0.038 98.850 0.093 97.440 0.088 97.470
66  0.038 98.876 0.093 97.500 0.088 97.470
67  0.037 98.868 0.092 97.460 0.088 97.470
68  0.037 98.882 0.092 97.450 0.088 97.470
69  0.037 98.904 0.093 97.510 0.088 97.460
70  0.037 98.872 0.092 97.480 0.088 97.460
71  0.036 98.906 0.092 97.460 0.088 97.460
72  0.036 98.900 0.092 97.490 0.088 97.460
73  0.036 98.924 0.092 97.490 0.088 97.460
74  0.036 98.946 0.092 97.520 0.087 97.550
75  0.035 98.936 0.092 97.480 0.087 97.550
76  0.035 98.952 0.092 97.500 0.087 97.550
77  0.035 98.960 0.093 97.520 0.087 97.580
78  0.035 98.950 0.093 97.500 0.087 97.580
79  0.034 98.956 0.092 97.490 0.087 97.580
80  0.034 98.982 0.093 97.490 0.087 97.580
81  0.034 98.996 0.093 97.490 0.087 97.580
82  0.034 98.970 0.092 97.470 0.087 97.580
83  0.034 98.980 0.092 97.510 0.087 97.580
84  0.033 99.006 0.092 97.490 0.087 97.580
85  0.033 98.996 0.092 97.510 0.087 97.580
86  0.033 99.010 0.092 97.480 0.087 97.580
87  0.033 99.022 0.092 97.510 0.087 97.580
88  0.033 99.022 0.092 97.480 0.087 97.580
89  0.033 99.020 0.092 97.500 0.087 97.580
90  0.032 99.032 0.092 97.520 0.086 97.640
91  0.032 99.030 0.092 97.480 0.086 97.640
92  0.032 99.064 0.092 97.490 0.086 97.640
93  0.032 99.052 0.093 97.480 0.086 97.640
94  0.032 99.052 0.092 97.520 0.086 97.640
95  0.031 99.088 0.092 97.490 0.086 97.640
96  0.031 99.074 0.092 97.510 0.086 97.640
97  0.031 99.106 0.092 97.540 0.086 97.640
98  0.031 99.088 0.093 97.470 0.086 97.640
99  0.031 99.096 0.093 97.460 0.086 97.640
100  0.031 99.096 0.092 97.500 0.086 97.640
101  0.030 99.094 0.092 97.500 0.086 97.640
102  0.030 99.110 0.092 97.510 0.086 97.640
103  0.030 99.124 0.093 97.570 0.086 97.640
104  0.030 99.120 0.093 97.510 0.086 97.640
105  0.030 99.124 0.092 97.500 0.086 97.640
106  0.030 99.130 0.092 97.490 0.086 97.640
107  0.029 99.136 0.093 97.470 0.086 97.640
108  0.029 99.170 0.092 97.510 0.086 97.640
109  0.029 99.158 0.093 97.520 0.086 97.640
110  0.029 99.162 0.092 97.460 0.086 97.640
111  0.029 99.170 0.093 97.540 0.086 97.640
112  0.029 99.178 0.092 97.540 0.086 97.640
113  0.029 99.158 0.093 97.520 0.086 97.640
114  0.028 99.174 0.093 97.540 0.086 97.640
115  0.028 99.172 0.093 97.530 0.086 97.640
116  0.028 99.174 0.092 97.530 0.086 97.640
117  0.028 99.188 0.093 97.530 0.086 97.640
118  0.028 99.202 0.093 97.490 0.086 97.640
119  0.028 99.210 0.093 97.540 0.086 97.640
120  0.028 99.194 0.093 97.620 0.086 97.670
121  0.027 99.220 0.093 97.530 0.086 97.670
122  0.027 99.210 0.093 97.530 0.086 97.670
123  0.027 99.232 0.093 97.510 0.086 97.670
124  0.027 99.232 0.093 97.570 0.086 97.670
125  0.027 99.214 0.093 97.510 0.086 97.670
126  0.027 99.248 0.093 97.550 0.086 97.670
127  0.026 99.250 0.093 97.500 0.086 97.670
128  0.026 99.254 0.093 97.540 0.086 97.670
129  0.026 99.252 0.093 97.520 0.086 97.670
130  0.026 99.276 0.093 97.560 0.086 97.670
131  0.026 99.242 0.093 97.520 0.086 97.670
132  0.026 99.276 0.093 97.570 0.086 97.670
133  0.026 99.270 0.093 97.500 0.086 97.670
134  0.026 99.286 0.092 97.560 0.086 97.670
135  0.025 99.290 0.093 97.560 0.086 97.670
136  0.025 99.276 0.093 97.550 0.086 97.670
137  0.025 99.290 0.093 97.540 0.086 97.670
138  0.025 99.300 0.093 97.560 0.086 97.670
139  0.025 99.310 0.093 97.530 0.086 97.670
140  0.025 99.302 0.093 97.560 0.086 97.670
141  0.025 99.314 0.093 97.570 0.086 97.670
142  0.025 99.308 0.094 97.550 0.086 97.670
143  0.024 99.320 0.093 97.520 0.086 97.670
144  0.024 99.312 0.094 97.540 0.086 97.670
145  0.024 99.342 0.094 97.500 0.086 97.670
146  0.024 99.338 0.094 97.500 0.086 97.670
147  0.024 99.330 0.094 97.510 0.086 97.670
148  0.024 99.328 0.094 97.500 0.086 97.670
149  0.024 99.332 0.093 97.520 0.086 97.670
150  0.024 99.358 0.093 97.500 0.086 97.670
151  0.024 99.340 0.093 97.550 0.086 97.670
152  0.023 99.356 0.093 97.560 0.086 97.670
153  0.023 99.358 0.094 97.510 0.086 97.670
154  0.023 99.358 0.094 97.520 0.086 97.670
155  0.023 99.346 0.094 97.500 0.086 97.670
156  0.023 99.370 0.093 97.520 0.086 97.670
157  0.023 99.376 0.094 97.530 0.086 97.670
158  0.023 99.374 0.094 97.490 0.086 97.670
159  0.023 99.368 0.094 97.460 0.086 97.670
160  0.023 99.390 0.094 97.490 0.086 97.670
161  0.022 99.380 0.094 97.490 0.086 97.670
162  0.022 99.392 0.094 97.520 0.086 97.670
163  0.022 99.388 0.094 97.470 0.086 97.670
164  0.022 99.380 0.094 97.470 0.086 97.670
165  0.022 99.380 0.094 97.490 0.086 97.670
166  0.022 99.408 0.094 97.480 0.086 97.670
167  0.022 99.410 0.094 97.500 0.086 97.670
168  0.022 99.408 0.094 97.470 0.086 97.670
169  0.022 99.390 0.094 97.440 0.086 97.670
170  0.021 99.420 0.094 97.470 0.086 97.670
171  0.021 99.414 0.094 97.460 0.086 97.670
172  0.021 99.424 0.094 97.480 0.086 97.670
173  0.021 99.422 0.094 97.420 0.086 97.670
174  0.021 99.436 0.095 97.480 0.086 97.670
175  0.021 99.428 0.094 97.460 0.086 97.670
176  0.021 99.416 0.094 97.440 0.086 97.670
177  0.021 99.452 0.094 97.490 0.086 97.670
178  0.021 99.432 0.094 97.440 0.086 97.670
179  0.021 99.438 0.094 97.470 0.086 97.670
180  0.020 99.444 0.094 97.510 0.086 97.670
181  0.020 99.464 0.094 97.480 0.086 97.670
182  0.020 99.468 0.095 97.520 0.086 97.670
183  0.020 99.466 0.094 97.530 0.086 97.670
184  0.020 99.466 0.094 97.500 0.086 97.670
185  0.020 99.474 0.094 97.520 0.086 97.670
186  0.020 99.466 0.094 97.480 0.086 97.670
187  0.020 99.466 0.095 97.520 0.086 97.670
188  0.020 99.476 0.094 97.520 0.086 97.670
189  0.020 99.480 0.094 97.470 0.086 97.670
190  0.019 99.486 0.095 97.530 0.086 97.670
191  0.019 99.494 0.095 97.500 0.086 97.670
192  0.019 99.504 0.094 97.490 0.086 97.670
193  0.019 99.486 0.095 97.550 0.086 97.670
194  0.019 99.504 0.094 97.490 0.086 97.670
195  0.019 99.514 0.095 97.500 0.086 97.670
196  0.019 99.510 0.094 97.490 0.086 97.670
197  0.019 99.504 0.095 97.520 0.086 97.670
198  0.019 99.512 0.095 97.520 0.086 97.670
199  0.019 99.528 0.095 97.470 0.086 97.670


