0  0.529 92.636 0.196 96.130 0.200 95.800
1  0.161 96.812 0.148 96.660 0.151 96.360
2  0.124 97.282 0.128 96.980 0.131 96.480
3  0.106 97.586 0.117 97.140 0.120 96.800
4  0.094 97.780 0.109 97.190 0.111 96.930
5  0.085 97.976 0.104 97.310 0.105 97.120
6  0.078 98.126 0.100 97.450 0.101 97.250
7  0.073 98.208 0.097 97.440 0.101 97.250
8  0.069 98.312 0.094 97.520 0.094 97.340
9  0.065 98.388 0.093 97.610 0.092 97.460
10  0.062 98.482 0.090 97.600 0.092 97.460
11  0.059 98.544 0.089 97.570 0.092 97.460
12  0.057 98.602 0.088 97.570 0.092 97.460
13  0.054 98.662 0.086 97.660 0.085 97.520
14  0.053 98.746 0.085 97.690 0.084 97.610
15  0.051 98.778 0.084 97.710 0.083 97.610
16  0.049 98.828 0.084 97.780 0.083 97.600
17  0.048 98.854 0.083 97.690 0.083 97.600
18  0.046 98.894 0.082 97.750 0.083 97.600
19  0.045 98.892 0.082 97.740 0.083 97.600
20  0.044 98.926 0.081 97.770 0.083 97.600
21  0.043 98.976 0.080 97.750 0.083 97.600
22  0.042 98.996 0.080 97.760 0.083 97.600
23  0.041 98.990 0.079 97.800 0.078 97.720
24  0.040 99.024 0.079 97.820 0.077 97.730
25  0.039 99.054 0.078 97.770 0.077 97.730
26  0.038 99.080 0.079 97.830 0.077 97.740
27  0.037 99.106 0.078 97.770 0.077 97.740
28  0.037 99.128 0.078 97.800 0.077 97.740
29  0.036 99.164 0.078 97.830 0.077 97.740
30  0.035 99.174 0.077 97.820 0.077 97.740
31  0.035 99.178 0.077 97.820 0.077 97.740
32  0.034 99.204 0.077 97.840 0.075 97.780
33  0.033 99.222 0.076 97.820 0.075 97.780
34  0.033 99.238 0.076 97.820 0.075 97.780
35  0.032 99.252 0.076 97.840 0.074 97.790
36  0.032 99.274 0.076 97.810 0.074 97.790
37  0.031 99.262 0.076 97.890 0.073 97.810
38  0.031 99.288 0.075 97.850 0.073 97.810
39  0.030 99.296 0.075 97.860 0.073 97.810
40  0.030 99.310 0.075 97.870 0.073 97.810
41  0.030 99.334 0.075 97.870 0.073 97.810
42  0.029 99.322 0.075 97.880 0.073 97.810
43  0.029 99.376 0.075 97.870 0.073 97.810
44  0.028 99.378 0.075 97.870 0.073 97.810
45  0.028 99.362 0.075 97.910 0.072 97.880
46  0.028 99.372 0.075 97.920 0.072 97.850
47  0.027 99.374 0.075 97.890 0.072 97.850
48  0.027 99.402 0.074 97.900 0.072 97.850
49  0.027 99.404 0.075 97.910 0.072 97.850
50  0.026 99.406 0.074 97.920 0.072 97.850
51  0.026 99.418 0.074 97.900 0.072 97.850
52  0.026 99.424 0.074 97.930 0.071 97.820
53  0.025 99.458 0.074 97.930 0.071 97.820
54  0.025 99.446 0.074 97.910 0.071 97.820
55  0.025 99.456 0.074 97.940 0.071 97.840
56  0.024 99.458 0.074 97.920 0.071 97.840
57  0.024 99.462 0.074 97.930 0.071 97.840
58  0.024 99.470 0.075 97.900 0.071 97.840
59  0.024 99.482 0.074 97.910 0.071 97.840
60  0.023 99.476 0.074 97.920 0.071 97.840
61  0.023 99.496 0.074 97.910 0.071 97.840
62  0.023 99.508 0.074 97.930 0.071 97.840
63  0.023 99.510 0.074 97.960 0.071 97.860
64  0.022 99.520 0.074 97.950 0.071 97.860
65  0.022 99.516 0.074 97.940 0.071 97.860
66  0.022 99.518 0.074 97.910 0.071 97.860
67  0.022 99.536 0.074 97.930 0.071 97.860
68  0.022 99.532 0.074 97.970 0.071 97.870
69  0.021 99.578 0.074 97.940 0.071 97.870
70  0.021 99.552 0.074 97.930 0.071 97.870
71  0.021 99.584 0.074 97.990 0.071 97.880
72  0.021 99.582 0.074 97.990 0.071 97.880
73  0.021 99.580 0.074 97.920 0.071 97.880
74  0.020 99.584 0.074 97.940 0.071 97.880
75  0.020 99.602 0.074 97.930 0.071 97.880
76  0.020 99.604 0.074 97.940 0.071 97.880
77  0.020 99.610 0.074 97.970 0.071 97.880
78  0.020 99.602 0.074 97.940 0.071 97.880
79  0.019 99.616 0.074 97.960 0.071 97.880
80  0.019 99.632 0.074 97.970 0.071 97.880
81  0.019 99.656 0.074 97.960 0.071 97.880
82  0.019 99.636 0.074 97.930 0.071 97.880
83  0.019 99.644 0.074 97.930 0.071 97.880
84  0.019 99.648 0.074 97.930 0.071 97.880
85  0.018 99.656 0.074 97.930 0.071 97.880
86  0.018 99.654 0.074 97.940 0.071 97.880
87  0.018 99.664 0.074 98.010 0.070 97.910
88  0.018 99.682 0.074 97.920 0.070 97.910
89  0.018 99.674 0.074 97.960 0.070 97.910
90  0.018 99.684 0.074 97.970 0.070 97.910
91  0.018 99.680 0.074 97.990 0.070 97.910
92  0.017 99.694 0.074 97.940 0.070 97.910
93  0.017 99.696 0.075 97.940 0.070 97.910
94  0.017 99.686 0.074 97.960 0.070 97.910
95  0.017 99.698 0.074 98.000 0.070 97.910
96  0.017 99.698 0.074 97.960 0.070 97.910
97  0.017 99.718 0.074 97.930 0.070 97.910
98  0.017 99.704 0.074 97.940 0.070 97.910
99  0.016 99.712 0.074 97.950 0.070 97.910
100  0.016 99.712 0.074 97.950 0.070 97.910
101  0.016 99.724 0.074 97.970 0.070 97.910
102  0.016 99.734 0.075 97.970 0.070 97.910
103  0.016 99.738 0.074 98.020 0.071 97.860
104  0.016 99.734 0.075 97.980 0.071 97.860
105  0.016 99.738 0.074 97.980 0.071 97.860
106  0.016 99.748 0.074 97.960 0.071 97.860
107  0.015 99.768 0.074 97.970 0.071 97.860
108  0.015 99.750 0.075 98.000 0.071 97.860
109  0.015 99.776 0.075 97.980 0.071 97.860
110  0.015 99.762 0.075 97.940 0.071 97.860
111  0.015 99.772 0.075 97.990 0.071 97.860
112  0.015 99.774 0.075 97.970 0.071 97.860
113  0.015 99.770 0.075 97.970 0.071 97.860
114  0.015 99.790 0.075 97.980 0.071 97.860
115  0.015 99.788 0.074 98.000 0.071 97.860
116  0.015 99.792 0.075 97.980 0.071 97.860
117  0.014 99.792 0.075 97.990 0.071 97.860
118  0.014 99.798 0.075 97.960 0.071 97.860
119  0.014 99.802 0.075 97.940 0.071 97.860
120  0.014 99.804 0.075 98.030 0.071 97.960
121  0.014 99.814 0.075 98.010 0.071 97.960
122  0.014 99.808 0.075 97.980 0.071 97.960
123  0.014 99.818 0.075 98.000 0.071 97.960
124  0.014 99.822 0.075 97.960 0.071 97.960
125  0.014 99.828 0.075 97.980 0.071 97.960
126  0.014 99.820 0.075 97.950 0.071 97.960
127  0.013 99.832 0.075 97.990 0.071 97.960
128  0.013 99.822 0.075 98.010 0.071 97.960
129  0.013 99.826 0.075 98.010 0.071 97.960
130  0.013 99.822 0.075 98.000 0.071 97.960
131  0.013 99.834 0.075 97.990 0.071 97.960
132  0.013 99.830 0.075 97.980 0.071 97.960
133  0.013 99.826 0.075 97.990 0.071 97.960
134  0.013 99.824 0.075 98.010 0.071 97.960
135  0.013 99.830 0.075 97.990 0.071 97.960
136  0.013 99.842 0.075 97.990 0.071 97.960
137  0.013 99.838 0.075 98.020 0.071 97.960
138  0.013 99.844 0.076 98.010 0.071 97.960
139  0.012 99.842 0.076 98.040 0.071 97.940
140  0.012 99.844 0.076 98.010 0.071 97.940
141  0.012 99.838 0.076 97.970 0.071 97.940
142  0.012 99.850 0.076 97.990 0.071 97.940
143  0.012 99.848 0.076 98.050 0.071 97.940
144  0.012 99.844 0.076 97.990 0.071 97.940
145  0.012 99.848 0.076 98.000 0.071 97.940
146  0.012 99.854 0.076 98.040 0.071 97.940
147  0.012 99.850 0.076 97.990 0.071 97.940
148  0.012 99.846 0.076 98.010 0.071 97.940
149  0.012 99.856 0.076 98.010 0.071 97.940
150  0.012 99.850 0.076 98.010 0.071 97.940
151  0.012 99.852 0.076 97.980 0.071 97.940
152  0.011 99.868 0.076 97.990 0.071 97.940
153  0.011 99.860 0.076 98.010 0.071 97.940
154  0.011 99.870 0.076 98.010 0.071 97.940
155  0.011 99.864 0.076 98.000 0.071 97.940
156  0.011 99.864 0.076 98.010 0.071 97.940
157  0.011 99.868 0.076 98.040 0.071 97.940
158  0.011 99.864 0.076 98.020 0.071 97.940
159  0.011 99.872 0.076 98.040 0.071 97.940
160  0.011 99.880 0.076 98.030 0.071 97.940
161  0.011 99.868 0.076 97.970 0.071 97.940
162  0.011 99.878 0.076 97.990 0.071 97.940
163  0.011 99.866 0.076 98.010 0.071 97.940
164  0.011 99.882 0.076 98.040 0.071 97.940
165  0.011 99.884 0.076 98.030 0.071 97.940
166  0.011 99.886 0.077 98.010 0.071 97.940
167  0.011 99.882 0.077 98.000 0.071 97.940
168  0.010 99.880 0.077 98.000 0.071 97.940
169  0.010 99.884 0.076 98.040 0.071 97.940
170  0.010 99.882 0.077 98.060 0.072 97.930
171  0.010 99.894 0.077 98.030 0.072 97.930
172  0.010 99.890 0.077 98.040 0.072 97.930
173  0.010 99.892 0.077 98.040 0.072 97.930
174  0.010 99.882 0.077 98.050 0.072 97.930
175  0.010 99.896 0.077 98.010 0.072 97.930
176  0.010 99.890 0.077 97.980 0.072 97.930
177  0.010 99.892 0.077 97.990 0.072 97.930
178  0.010 99.898 0.077 98.020 0.072 97.930
179  0.010 99.900 0.077 98.040 0.072 97.930
180  0.010 99.902 0.077 98.030 0.072 97.930
181  0.010 99.898 0.077 98.030 0.072 97.930
182  0.010 99.900 0.077 98.010 0.072 97.930
183  0.010 99.904 0.077 98.030 0.072 97.930
184  0.010 99.908 0.077 98.050 0.072 97.930
185  0.010 99.908 0.077 98.030 0.072 97.930
186  0.009 99.908 0.077 98.010 0.072 97.930
187  0.009 99.908 0.077 98.030 0.072 97.930
188  0.009 99.914 0.078 98.010 0.072 97.930
189  0.009 99.910 0.078 98.030 0.072 97.930
190  0.009 99.910 0.078 98.010 0.072 97.930
191  0.009 99.916 0.077 98.040 0.072 97.930
192  0.009 99.914 0.078 98.010 0.072 97.930
193  0.009 99.912 0.078 98.030 0.072 97.930
194  0.009 99.918 0.078 98.010 0.072 97.930
195  0.009 99.918 0.078 98.020 0.072 97.930
196  0.009 99.918 0.078 97.980 0.072 97.930
197  0.009 99.922 0.078 98.010 0.072 97.930
198  0.009 99.918 0.078 98.020 0.072 97.930
199  0.009 99.914 0.078 98.060 0.072 97.930
0  0.519 91.812 0.194 96.070 0.200 95.810
