0  0.498 92.182 0.163 96.590 0.168 96.270
1  0.130 97.242 0.122 97.160 0.125 96.800
2  0.097 97.826 0.105 97.380 0.107 97.210
3  0.080 98.200 0.095 97.640 0.097 97.410
4  0.069 98.444 0.089 97.800 0.089 97.570
5  0.061 98.630 0.085 97.840 0.084 97.600
6  0.055 98.788 0.081 97.860 0.080 97.680
7  0.050 98.902 0.079 97.840 0.080 97.680
8  0.046 99.010 0.077 97.930 0.075 97.770
9  0.043 99.128 0.076 97.930 0.075 97.770
10  0.040 99.158 0.074 97.930 0.072 97.880
11  0.037 99.238 0.073 97.960 0.071 97.900
12  0.035 99.288 0.072 98.040 0.069 97.930
13  0.033 99.334 0.071 98.020 0.069 97.930
14  0.031 99.386 0.070 97.950 0.069 97.930
15  0.030 99.436 0.069 98.070 0.067 97.970
16  0.028 99.494 0.069 98.060 0.067 97.970
17  0.027 99.526 0.069 98.070 0.065 98.090
18  0.026 99.546 0.068 98.110 0.065 97.990
19  0.025 99.562 0.068 98.100 0.065 97.990
20  0.024 99.606 0.068 98.150 0.064 98.040
21  0.023 99.626 0.068 98.140 0.064 98.040
22  0.022 99.662 0.067 98.130 0.064 98.040
23  0.021 99.682 0.067 98.160 0.064 98.140
24  0.021 99.692 0.067 98.140 0.064 98.140
25  0.020 99.720 0.066 98.150 0.064 98.140
26  0.019 99.748 0.067 98.160 0.063 98.140
27  0.018 99.758 0.066 98.210 0.062 98.110
28  0.018 99.770 0.067 98.220 0.062 98.110
29  0.017 99.790 0.067 98.190 0.062 98.110
30  0.017 99.804 0.067 98.180 0.062 98.110
31  0.016 99.810 0.067 98.150 0.062 98.110
32  0.016 99.824 0.066 98.240 0.062 98.120
33  0.015 99.832 0.067 98.150 0.062 98.120
34  0.015 99.838 0.066 98.230 0.062 98.120
35  0.014 99.852 0.066 98.220 0.062 98.120
36  0.014 99.850 0.067 98.200 0.062 98.120
37  0.014 99.864 0.066 98.230 0.062 98.120
38  0.013 99.870 0.066 98.250 0.062 98.180
39  0.013 99.878 0.066 98.270 0.062 98.100
40  0.013 99.886 0.067 98.240 0.062 98.100
41  0.012 99.880 0.067 98.240 0.062 98.100
42  0.012 99.884 0.067 98.260 0.062 98.100
43  0.012 99.894 0.067 98.270 0.061 98.120
44  0.011 99.892 0.066 98.280 0.062 98.150
45  0.011 99.906 0.067 98.200 0.062 98.150
46  0.011 99.904 0.067 98.240 0.062 98.150
47  0.011 99.906 0.067 98.290 0.062 98.090
48  0.010 99.912 0.067 98.240 0.062 98.090
49  0.010 99.910 0.067 98.220 0.062 98.090
50  0.010 99.918 0.067 98.290 0.062 98.090
51  0.010 99.916 0.068 98.240 0.062 98.090
52  0.010 99.922 0.068 98.230 0.062 98.090
53  0.009 99.928 0.068 98.260 0.062 98.090
54  0.009 99.934 0.068 98.300 0.062 98.150
55  0.009 99.924 0.068 98.240 0.062 98.150
56  0.009 99.934 0.068 98.280 0.062 98.150
57  0.009 99.936 0.068 98.250 0.062 98.150
58  0.008 99.940 0.068 98.250 0.062 98.150
59  0.008 99.936 0.068 98.270 0.062 98.150
60  0.008 99.946 0.068 98.270 0.062 98.150
61  0.008 99.942 0.068 98.280 0.062 98.150
62  0.008 99.944 0.068 98.290 0.062 98.150
63  0.008 99.952 0.068 98.270 0.062 98.150
64  0.008 99.952 0.069 98.270 0.062 98.150
65  0.007 99.956 0.069 98.280 0.062 98.150
66  0.007 99.954 0.069 98.240 0.062 98.150
67  0.007 99.964 0.069 98.240 0.062 98.150
68  0.007 99.960 0.069 98.260 0.062 98.150
69  0.007 99.956 0.069 98.260 0.062 98.150
70  0.007 99.956 0.069 98.280 0.062 98.150
71  0.007 99.966 0.069 98.240 0.062 98.150
72  0.007 99.970 0.069 98.240 0.062 98.150
73  0.006 99.966 0.070 98.260 0.062 98.150
74  0.006 99.974 0.069 98.240 0.062 98.150
75  0.006 99.968 0.070 98.220 0.062 98.150
76  0.006 99.972 0.070 98.220 0.062 98.150
77  0.006 99.976 0.070 98.230 0.062 98.150
78  0.006 99.978 0.070 98.260 0.062 98.150
79  0.006 99.974 0.070 98.250 0.062 98.150
80  0.006 99.974 0.070 98.230 0.062 98.150
81  0.006 99.978 0.070 98.260 0.062 98.150
82  0.006 99.976 0.070 98.230 0.062 98.150
83  0.006 99.978 0.070 98.250 0.062 98.150
84  0.005 99.980 0.071 98.240 0.062 98.150
85  0.005 99.982 0.071 98.230 0.062 98.150
86  0.005 99.984 0.071 98.250 0.062 98.150
87  0.005 99.982 0.070 98.260 0.062 98.150
88  0.005 99.984 0.071 98.220 0.062 98.150
89  0.005 99.982 0.071 98.250 0.062 98.150
90  0.005 99.984 0.071 98.280 0.062 98.150
91  0.005 99.986 0.071 98.230 0.062 98.150
92  0.005 99.982 0.071 98.260 0.062 98.150
93  0.005 99.984 0.071 98.240 0.062 98.150
94  0.005 99.984 0.072 98.230 0.062 98.150
95  0.005 99.986 0.071 98.230 0.062 98.150
96  0.005 99.984 0.072 98.240 0.062 98.150
97  0.005 99.986 0.072 98.220 0.062 98.150
98  0.005 99.988 0.072 98.230 0.062 98.150
99  0.004 99.984 0.072 98.230 0.062 98.150
100  0.004 99.984 0.072 98.200 0.062 98.150
101  0.004 99.986 0.072 98.230 0.062 98.150
102  0.004 99.990 0.072 98.260 0.062 98.150
103  0.004 99.984 0.072 98.220 0.062 98.150
104  0.004 99.988 0.072 98.230 0.062 98.150
105  0.004 99.988 0.073 98.230 0.062 98.150
106  0.004 99.992 0.072 98.230 0.062 98.150
107  0.004 99.990 0.072 98.230 0.062 98.150
108  0.004 99.990 0.073 98.230 0.062 98.150
109  0.004 99.990 0.073 98.220 0.062 98.150
110  0.004 99.992 0.073 98.230 0.062 98.150
111  0.004 99.990 0.073 98.210 0.062 98.150
112  0.004 99.990 0.073 98.250 0.062 98.150
113  0.004 99.992 0.073 98.190 0.062 98.150
114  0.004 99.992 0.073 98.230 0.062 98.150
115  0.004 99.990 0.073 98.230 0.062 98.150
116  0.004 99.990 0.073 98.210 0.062 98.150
117  0.004 99.994 0.073 98.250 0.062 98.150
118  0.004 99.992 0.074 98.210 0.062 98.150
119  0.004 99.996 0.073 98.220 0.062 98.150
120  0.004 99.994 0.074 98.220 0.062 98.150
121  0.003 99.996 0.074 98.220 0.062 98.150
122  0.003 99.998 0.074 98.230 0.062 98.150
123  0.003 99.996 0.074 98.210 0.062 98.150
124  0.003 99.998 0.074 98.210 0.062 98.150
125  0.003 99.996 0.074 98.220 0.062 98.150
126  0.003 99.996 0.074 98.200 0.062 98.150
127  0.003 99.996 0.074 98.240 0.062 98.150
128  0.003 99.998 0.074 98.210 0.062 98.150
129  0.003 99.998 0.074 98.240 0.062 98.150
130  0.003 99.998 0.074 98.190 0.062 98.150
131  0.003 99.998 0.074 98.210 0.062 98.150
132  0.003 99.998 0.075 98.240 0.062 98.150
133  0.003 99.998 0.075 98.190 0.062 98.150
134  0.003 99.998 0.075 98.200 0.062 98.150
135  0.003 99.996 0.075 98.220 0.062 98.150
136  0.003 99.998 0.075 98.230 0.062 98.150
137  0.003 99.996 0.075 98.230 0.062 98.150
138  0.003 99.996 0.075 98.200 0.062 98.150
139  0.003 99.998 0.075 98.210 0.062 98.150
140  0.003 99.998 0.075 98.210 0.062 98.150
141  0.003 99.998 0.075 98.220 0.062 98.150
142  0.003 99.998 0.075 98.220 0.062 98.150
143  0.003 99.998 0.075 98.220 0.062 98.150
144  0.003 99.998 0.075 98.200 0.062 98.150
145  0.003 99.998 0.076 98.210 0.062 98.150
146  0.003 99.998 0.075 98.220 0.062 98.150
147  0.003 99.998 0.076 98.200 0.062 98.150
148  0.003 99.998 0.076 98.200 0.062 98.150
149  0.003 99.998 0.076 98.200 0.062 98.150
150  0.003 99.998 0.076 98.170 0.062 98.150
151  0.003 99.998 0.076 98.200 0.062 98.150
152  0.003 99.998 0.076 98.200 0.062 98.150
153  0.003 99.998 0.076 98.190 0.062 98.150
154  0.003 99.998 0.076 98.230 0.062 98.150
155  0.003 99.998 0.076 98.220 0.062 98.150
156  0.003 99.998 0.076 98.200 0.062 98.150
157  0.003 99.998 0.076 98.200 0.062 98.150
158  0.002 99.998 0.076 98.190 0.062 98.150
159  0.002 99.998 0.076 98.210 0.062 98.150
160  0.002 99.998 0.076 98.200 0.062 98.150
161  0.002 99.998 0.077 98.200 0.062 98.150
162  0.002 99.998 0.077 98.190 0.062 98.150
163  0.002 99.998 0.077 98.180 0.062 98.150
164  0.002 99.998 0.077 98.210 0.062 98.150
165  0.002 99.998 0.077 98.210 0.062 98.150
166  0.002 99.998 0.077 98.190 0.062 98.150
167  0.002 99.998 0.077 98.210 0.062 98.150
168  0.002 99.998 0.077 98.210 0.062 98.150
169  0.002 99.998 0.077 98.190 0.062 98.150
170  0.002 99.998 0.077 98.210 0.062 98.150
171  0.002 99.998 0.077 98.190 0.062 98.150
172  0.002 99.998 0.077 98.210 0.062 98.150
173  0.002 99.998 0.077 98.210 0.062 98.150
174  0.002 99.998 0.078 98.180 0.062 98.150
175  0.002 100.000 0.077 98.190 0.062 98.150
176  0.002 99.998 0.077 98.190 0.062 98.150
177  0.002 100.000 0.078 98.200 0.062 98.150
178  0.002 99.998 0.078 98.200 0.062 98.150
179  0.002 99.998 0.078 98.180 0.062 98.150
180  0.002 99.998 0.078 98.190 0.062 98.150
181  0.002 99.998 0.078 98.200 0.062 98.150
182  0.002 99.998 0.078 98.180 0.062 98.150
183  0.002 99.998 0.078 98.190 0.062 98.150
184  0.002 99.998 0.078 98.180 0.062 98.150
185  0.002 99.998 0.078 98.200 0.062 98.150
186  0.002 99.998 0.078 98.180 0.062 98.150
187  0.002 100.000 0.078 98.210 0.062 98.150
188  0.002 100.000 0.078 98.190 0.062 98.150
189  0.002 100.000 0.078 98.210 0.062 98.150
190  0.002 100.000 0.078 98.200 0.062 98.150
191  0.002 100.000 0.078 98.200 0.062 98.150
192  0.002 100.000 0.079 98.190 0.062 98.150
193  0.002 100.000 0.079 98.190 0.062 98.150
194  0.002 100.000 0.079 98.200 0.062 98.150
195  0.002 100.000 0.079 98.180 0.062 98.150
196  0.002 100.000 0.079 98.190 0.062 98.150
197  0.002 100.000 0.079 98.180 0.062 98.150
198  0.002 100.000 0.079 98.190 0.062 98.150
199  0.002 100.000 0.079 98.190 0.062 98.150
