0  0.527 91.552 0.192 96.150 0.197 95.780
1  0.158 96.822 0.144 96.760 0.148 96.420
2  0.121 97.362 0.125 96.970 0.128 96.610
3  0.103 97.622 0.115 97.100 0.117 96.870
4  0.091 97.826 0.107 97.330 0.108 97.120
5  0.082 98.012 0.102 97.390 0.103 97.170
6  0.076 98.158 0.098 97.450 0.099 97.320
7  0.071 98.260 0.095 97.540 0.095 97.370
8  0.066 98.380 0.092 97.570 0.092 97.380
9  0.063 98.472 0.091 97.640 0.090 97.510
10  0.060 98.536 0.089 97.630 0.090 97.510
11  0.057 98.640 0.087 97.610 0.090 97.510
12  0.054 98.704 0.086 97.660 0.085 97.530
13  0.052 98.746 0.084 97.670 0.083 97.620
14  0.050 98.792 0.083 97.730 0.082 97.610
15  0.049 98.864 0.082 97.740 0.081 97.650
16  0.047 98.912 0.082 97.750 0.081 97.650
17  0.045 98.916 0.081 97.770 0.080 97.620
18  0.044 98.962 0.080 97.800 0.079 97.640
19  0.043 98.996 0.080 97.790 0.079 97.640
20  0.042 99.000 0.079 97.820 0.078 97.690
21  0.041 99.042 0.079 97.800 0.078 97.690
22  0.040 99.074 0.078 97.860 0.076 97.730
23  0.039 99.106 0.077 97.840 0.076 97.730
24  0.038 99.140 0.077 97.820 0.076 97.730
25  0.037 99.138 0.077 97.810 0.076 97.730
26  0.036 99.164 0.077 97.810 0.076 97.730
27  0.035 99.184 0.076 97.830 0.076 97.730
28  0.035 99.204 0.076 97.870 0.074 97.720
29  0.034 99.206 0.076 97.880 0.074 97.780
30  0.033 99.232 0.075 97.900 0.074 97.780
31  0.033 99.240 0.075 97.870 0.074 97.780
32  0.032 99.266 0.075 97.900 0.074 97.780
33  0.031 99.280 0.075 97.870 0.074 97.780
34  0.031 99.286 0.074 97.870 0.074 97.780
35  0.030 99.312 0.075 97.880 0.074 97.780
36  0.030 99.324 0.074 97.880 0.074 97.780
37  0.029 99.346 0.074 97.930 0.072 97.800
38  0.029 99.346 0.074 97.870 0.072 97.800
39  0.028 99.364 0.074 97.880 0.072 97.800
40  0.028 99.358 0.074 97.910 0.072 97.800
41  0.028 99.376 0.074 97.910 0.072 97.800
42  0.027 99.408 0.073 97.940 0.071 97.810
43  0.027 99.398 0.073 97.920 0.071 97.810
44  0.026 99.420 0.073 97.910 0.071 97.810
45  0.026 99.408 0.074 97.970 0.072 97.800
46  0.026 99.446 0.073 97.950 0.072 97.800
47  0.025 99.446 0.073 97.920 0.072 97.800
48  0.025 99.474 0.073 97.960 0.072 97.800
49  0.025 99.476 0.073 97.930 0.072 97.800
50  0.024 99.492 0.073 97.940 0.072 97.800
51  0.024 99.496 0.073 97.940 0.072 97.800
52  0.024 99.516 0.073 98.000 0.070 97.820
53  0.023 99.526 0.073 97.940 0.070 97.820
54  0.023 99.518 0.073 98.030 0.071 97.870
55  0.023 99.538 0.073 97.990 0.071 97.870
56  0.023 99.560 0.072 97.980 0.071 97.870
57  0.022 99.558 0.073 97.960 0.071 97.870
58  0.022 99.568 0.073 97.990 0.071 97.870
59  0.022 99.574 0.072 97.990 0.071 97.870
60  0.022 99.592 0.072 97.990 0.071 97.870
61  0.021 99.590 0.072 98.000 0.071 97.870
62  0.021 99.592 0.072 98.010 0.071 97.870
63  0.021 99.604 0.072 98.010 0.071 97.870
64  0.021 99.622 0.072 98.030 0.071 97.870
65  0.020 99.616 0.072 97.990 0.071 97.870
66  0.020 99.612 0.072 98.000 0.071 97.870
67  0.020 99.620 0.072 97.990 0.071 97.870
68  0.020 99.638 0.072 98.030 0.071 97.870
69  0.019 99.658 0.072 98.020 0.071 97.870
70  0.019 99.642 0.072 98.080 0.070 97.930
71  0.019 99.650 0.072 98.040 0.070 97.930
72  0.019 99.662 0.072 98.060 0.070 97.930
73  0.019 99.664 0.072 97.990 0.070 97.930
74  0.018 99.672 0.072 98.030 0.070 97.930
75  0.018 99.672 0.072 98.040 0.070 97.930
76  0.018 99.700 0.072 98.090 0.070 97.900
77  0.018 99.692 0.073 98.060 0.070 97.900
78  0.018 99.696 0.072 98.050 0.070 97.900
79  0.018 99.704 0.072 98.060 0.070 97.900
80  0.017 99.720 0.073 98.060 0.070 97.900
81  0.017 99.718 0.073 98.110 0.070 97.880
82  0.017 99.718 0.073 98.070 0.070 97.880
83  0.017 99.712 0.072 98.100 0.070 97.880
84  0.017 99.732 0.072 98.110 0.070 97.890
85  0.017 99.744 0.072 98.080 0.070 97.890
86  0.016 99.738 0.073 98.050 0.070 97.890
87  0.016 99.750 0.073 98.110 0.070 97.890
88  0.016 99.752 0.072 98.070 0.070 97.890
89  0.016 99.764 0.072 98.100 0.070 97.890
90  0.016 99.748 0.072 98.090 0.070 97.890
91  0.016 99.766 0.072 98.100 0.070 97.890
92  0.016 99.768 0.072 98.090 0.070 97.890
93  0.015 99.762 0.073 98.110 0.070 97.890
94  0.015 99.772 0.073 98.070 0.070 97.890
95  0.015 99.770 0.072 98.080 0.070 97.890
96  0.015 99.774 0.073 98.080 0.070 97.890
97  0.015 99.778 0.073 98.070 0.070 97.890
98  0.015 99.790 0.073 98.110 0.070 97.880
99  0.015 99.796 0.072 98.080 0.070 97.880
100  0.015 99.790 0.073 98.090 0.070 97.880
101  0.014 99.802 0.073 98.080 0.070 97.880
102  0.014 99.808 0.073 98.100 0.070 97.880
103  0.014 99.816 0.072 98.120 0.070 97.890
104  0.014 99.810 0.073 98.090 0.070 97.890
105  0.014 99.812 0.073 98.080 0.070 97.890
106  0.014 99.806 0.073 98.130 0.070 97.890
107  0.014 99.816 0.073 98.080 0.070 97.890
108  0.014 99.828 0.073 98.060 0.070 97.890
109  0.013 99.822 0.073 98.100 0.070 97.890
110  0.013 99.824 0.074 98.100 0.070 97.890
111  0.013 99.832 0.073 98.100 0.070 97.890
112  0.013 99.834 0.073 98.150 0.071 97.900
113  0.013 99.840 0.073 98.120 0.071 97.900
114  0.013 99.836 0.073 98.130 0.071 97.900
115  0.013 99.840 0.073 98.110 0.071 97.900
116  0.013 99.836 0.073 98.130 0.071 97.900
117  0.013 99.836 0.074 98.120 0.071 97.900
118  0.013 99.844 0.073 98.120 0.071 97.900
119  0.012 99.850 0.073 98.120 0.071 97.900
120  0.012 99.848 0.073 98.090 0.071 97.900
121  0.012 99.852 0.073 98.130 0.071 97.900
122  0.012 99.854 0.073 98.130 0.071 97.900
123  0.012 99.858 0.073 98.150 0.071 97.900
124  0.012 99.860 0.073 98.130 0.071 97.900
125  0.012 99.866 0.074 98.120 0.071 97.900
126  0.012 99.858 0.074 98.110 0.071 97.900
127  0.012 99.868 0.073 98.140 0.071 97.900
128  0.012 99.862 0.073 98.140 0.071 97.900
129  0.012 99.854 0.073 98.130 0.071 97.900
130  0.011 99.872 0.074 98.160 0.071 97.920
131  0.011 99.874 0.073 98.150 0.071 97.920
132  0.011 99.872 0.073 98.160 0.071 97.920
133  0.011 99.878 0.074 98.140 0.071 97.920
134  0.011 99.880 0.074 98.140 0.071 97.920
135  0.011 99.878 0.074 98.140 0.071 97.920
136  0.011 99.886 0.074 98.150 0.071 97.920
137  0.011 99.886 0.074 98.120 0.071 97.920
138  0.011 99.884 0.074 98.150 0.071 97.920
139  0.011 99.888 0.074 98.110 0.071 97.920
140  0.011 99.890 0.074 98.120 0.071 97.920
141  0.011 99.898 0.074 98.140 0.071 97.920
142  0.011 99.902 0.074 98.170 0.071 97.910
143  0.010 99.900 0.074 98.170 0.071 97.910
144  0.010 99.898 0.074 98.170 0.071 97.910
145  0.010 99.900 0.074 98.170 0.071 97.910
146  0.010 99.910 0.074 98.140 0.071 97.910
147  0.010 99.906 0.075 98.150 0.071 97.910
148  0.010 99.904 0.074 98.140 0.071 97.910
149  0.010 99.896 0.074 98.140 0.071 97.910
150  0.010 99.902 0.074 98.130 0.071 97.910
151  0.010 99.904 0.074 98.180 0.072 97.900
152  0.010 99.914 0.074 98.160 0.072 97.900
153  0.010 99.914 0.074 98.150 0.072 97.900
154  0.010 99.908 0.074 98.160 0.072 97.900
155  0.010 99.910 0.074 98.140 0.072 97.900
156  0.010 99.912 0.075 98.160 0.072 97.900
157  0.010 99.910 0.075 98.160 0.072 97.900
158  0.010 99.906 0.074 98.160 0.072 97.900
159  0.009 99.912 0.074 98.160 0.072 97.900
160  0.009 99.916 0.075 98.140 0.072 97.900
161  0.009 99.916 0.075 98.130 0.072 97.900
162  0.009 99.918 0.075 98.160 0.072 97.900
163  0.009 99.914 0.074 98.170 0.072 97.900
164  0.009 99.918 0.075 98.170 0.072 97.900
165  0.009 99.920 0.075 98.170 0.072 97.900
166  0.009 99.922 0.075 98.160 0.072 97.900
167  0.009 99.920 0.075 98.150 0.072 97.900
168  0.009 99.924 0.075 98.170 0.072 97.900
169  0.009 99.926 0.075 98.140 0.072 97.900
170  0.009 99.926 0.075 98.160 0.072 97.900
171  0.009 99.932 0.075 98.150 0.072 97.900
172  0.009 99.934 0.075 98.180 0.072 97.900
173  0.009 99.930 0.075 98.170 0.072 97.900
174  0.009 99.934 0.075 98.130 0.072 97.900
175  0.009 99.934 0.075 98.170 0.072 97.900
176  0.009 99.932 0.075 98.180 0.072 97.900
177  0.008 99.932 0.075 98.190 0.073 97.900
178  0.008 99.934 0.076 98.150 0.073 97.900
179  0.008 99.936 0.075 98.160 0.073 97.900
180  0.008 99.936 0.075 98.150 0.073 97.900
181  0.008 99.930 0.076 98.130 0.073 97.900
182  0.008 99.940 0.075 98.160 0.073 97.900
183  0.008 99.942 0.076 98.150 0.073 97.900
184  0.008 99.942 0.076 98.140 0.073 97.900
185  0.008 99.940 0.076 98.150 0.073 97.900
186  0.008 99.944 0.076 98.100 0.073 97.900
187  0.008 99.944 0.076 98.140 0.073 97.900
188  0.008 99.942 0.076 98.130 0.073 97.900
189  0.008 99.940 0.076 98.160 0.073 97.900
190  0.008 99.946 0.076 98.150 0.073 97.900
191  0.008 99.948 0.076 98.170 0.073 97.900
192  0.008 99.944 0.076 98.130 0.073 97.900
193  0.008 99.950 0.076 98.160 0.073 97.900
194  0.008 99.948 0.076 98.120 0.073 97.900
195  0.008 99.942 0.076 98.150 0.073 97.900
196  0.008 99.952 0.077 98.130 0.073 97.900
197  0.008 99.948 0.076 98.140 0.073 97.900
198  0.008 99.952 0.076 98.120 0.073 97.900
199  0.007 99.952 0.076 98.170 0.073 97.900
